0,0,0
0.0793651,0,0
0.15873,0,0
0.238095,0,0
0.31746,0,0
0.396825,0,0
0.47619,0,0
0.555556,0,0
0.634921,0,0
0.714286,0,0
0.793651,0,0
0.873016,0,0
0.952381,0,0
1.03175,0,0
1.11111,0,0
1.19048,0,0
1.26984,0,0
1.34921,0,0
1.42857,0,0
1.50794,0,0
1.5873,0,0
1.66667,0,0
1.74603,0,0
1.8254,0,0
1.90476,0,0
1.98413,0,0
2.06349,0,0
2.14286,0,0
2.22222,0,0
2.30159,0,0
2.38095,0,0
2.46032,0,0
2.53968,0,0
2.61905,0,0
2.69841,0,0
2.77778,0,0
2.85714,0,0
2.93651,0,0
3.01587,0,0
3.09524,0,0
3.1746,0,0
3.25397,0,0
3.33333,0,0
3.4127,0,0
3.49206,0,0
3.57143,0,0
3.65079,0,0
3.73016,0,0
3.80952,0,0
3.88889,0,0
3.96825,0,0
4.04762,0,0
4.12698,0,0
4.20635,0,0
4.28571,0,0
4.36508,0,0
4.44444,0,0
4.52381,0,0
4.60317,0,0
4.68254,0,0
4.7619,0,0
4.84127,0,0
4.92063,0,0
5,0,0

0,0.0793651,0
0.0793651,0.0793651,0
0.15873,0.0793651,0
0.238095,0.0793651,0
0.31746,0.0793651,0
0.396825,0.0793651,0
0.47619,0.0793651,0
0.555556,0.0793651,0
0.634921,0.0793651,0
0.714286,0.0793651,0
0.793651,0.0793651,0
0.873016,0.0793651,0
0.952381,0.0793651,0
1.03175,0.0793651,0
1.11111,0.0793651,0
1.19048,0.0793651,0
1.26984,0.0793651,0
1.34921,0.0793651,0
1.42857,0.0793651,0
1.50794,0.0793651,0
1.5873,0.0793651,0
1.66667,0.0793651,0
1.74603,0.0793651,0
1.8254,0.0793651,0
1.90476,0.0793651,0
1.98413,0.0793651,0
2.06349,0.0793651,0
2.14286,0.0793651,0
2.22222,0.0793651,0
2.30159,0.0793651,0
2.38095,0.0793651,0
2.46032,0.0793651,0
2.53968,0.0793651,0
2.61905,0.0793651,0
2.69841,0.0793651,0
2.77778,0.0793651,0
2.85714,0.0793651,0
2.93651,0.0793651,0
3.01587,0.0793651,0
3.09524,0.0793651,0
3.1746,0.0793651,0
3.25397,0.0793651,0
3.33333,0.0793651,0
3.4127,0.0793651,0
3.49206,0.0793651,0
3.57143,0.0793651,0
3.65079,0.0793651,0
3.73016,0.0793651,0
3.80952,0.0793651,0
3.88889,0.0793651,0
3.96825,0.0793651,0
4.04762,0.0793651,0
4.12698,0.0793651,0
4.20635,0.0793651,0
4.28571,0.0793651,0
4.36508,0.0793651,0
4.44444,0.0793651,0
4.52381,0.0793651,0
4.60317,0.0793651,0
4.68254,0.0793651,0
4.7619,0.0793651,0
4.84127,0.0793651,0
4.92063,0.0793651,0
5,0.0793651,0

0,0.15873,0
0.0793651,0.15873,0
0.15873,0.15873,0
0.238095,0.15873,0
0.31746,0.15873,0
0.396825,0.15873,0
0.47619,0.15873,0
0.555556,0.15873,0
0.634921,0.15873,0
0.714286,0.15873,0
0.793651,0.15873,0
0.873016,0.15873,0
0.952381,0.15873,0
1.03175,0.15873,0
1.11111,0.15873,0
1.19048,0.15873,0
1.26984,0.15873,0
1.34921,0.15873,0
1.42857,0.15873,0
1.50794,0.15873,0
1.5873,0.15873,0
1.66667,0.15873,0
1.74603,0.15873,0
1.8254,0.15873,0
1.90476,0.15873,0
1.98413,0.15873,0
2.06349,0.15873,0
2.14286,0.15873,0
2.22222,0.15873,0
2.30159,0.15873,0
2.38095,0.15873,0
2.46032,0.15873,0
2.53968,0.15873,0
2.61905,0.15873,0
2.69841,0.15873,0
2.77778,0.15873,0
2.85714,0.15873,0
2.93651,0.15873,0
3.01587,0.15873,0
3.09524,0.15873,0
3.1746,0.15873,0
3.25397,0.15873,0
3.33333,0.15873,0
3.4127,0.15873,0
3.49206,0.15873,0
3.57143,0.15873,0
3.65079,0.15873,0
3.73016,0.15873,0
3.80952,0.15873,0
3.88889,0.15873,0
3.96825,0.15873,0
4.04762,0.15873,0
4.12698,0.15873,0
4.20635,0.15873,0
4.28571,0.15873,0
4.36508,0.15873,0
4.44444,0.15873,0
4.52381,0.15873,0
4.60317,0.15873,0
4.68254,0.15873,0
4.7619,0.15873,0
4.84127,0.15873,0
4.92063,0.15873,0
5,0.15873,0

0,0.238095,0
0.0793651,0.238095,0
0.15873,0.238095,0
0.238095,0.238095,0
0.31746,0.238095,0
0.396825,0.238095,0
0.47619,0.238095,0
0.555556,0.238095,0
0.634921,0.238095,0
0.714286,0.238095,0
0.793651,0.238095,0
0.873016,0.238095,0
0.952381,0.238095,0
1.03175,0.238095,0
1.11111,0.238095,0
1.19048,0.238095,0
1.26984,0.238095,0
1.34921,0.238095,0
1.42857,0.238095,0
1.50794,0.238095,0
1.5873,0.238095,0
1.66667,0.238095,0
1.74603,0.238095,0
1.8254,0.238095,0
1.90476,0.238095,0
1.98413,0.238095,0
2.06349,0.238095,0
2.14286,0.238095,0
2.22222,0.238095,0
2.30159,0.238095,0
2.38095,0.238095,0
2.46032,0.238095,0
2.53968,0.238095,0
2.61905,0.238095,0
2.69841,0.238095,0
2.77778,0.238095,0
2.85714,0.238095,0
2.93651,0.238095,0
3.01587,0.238095,0
3.09524,0.238095,0
3.1746,0.238095,0
3.25397,0.238095,0
3.33333,0.238095,0
3.4127,0.238095,0
3.49206,0.238095,0
3.57143,0.238095,0
3.65079,0.238095,0
3.73016,0.238095,0
3.80952,0.238095,0
3.88889,0.238095,0
3.96825,0.238095,0
4.04762,0.238095,0
4.12698,0.238095,0
4.20635,0.238095,0
4.28571,0.238095,0
4.36508,0.238095,0
4.44444,0.238095,0
4.52381,0.238095,0
4.60317,0.238095,0
4.68254,0.238095,0
4.7619,0.238095,0
4.84127,0.238095,0
4.92063,0.238095,0
5,0.238095,0

0,0.31746,0
0.0793651,0.31746,0
0.15873,0.31746,0
0.238095,0.31746,0
0.31746,0.31746,0
0.396825,0.31746,0
0.47619,0.31746,0
0.555556,0.31746,0
0.634921,0.31746,0
0.714286,0.31746,0
0.793651,0.31746,0
0.873016,0.31746,0
0.952381,0.31746,0
1.03175,0.31746,0
1.11111,0.31746,0
1.19048,0.31746,0
1.26984,0.31746,0
1.34921,0.31746,0
1.42857,0.31746,0
1.50794,0.31746,0
1.5873,0.31746,0
1.66667,0.31746,0
1.74603,0.31746,0
1.8254,0.31746,0
1.90476,0.31746,0
1.98413,0.31746,0
2.06349,0.31746,0
2.14286,0.31746,0
2.22222,0.31746,0
2.30159,0.31746,0
2.38095,0.31746,0
2.46032,0.31746,0
2.53968,0.31746,0
2.61905,0.31746,0
2.69841,0.31746,0
2.77778,0.31746,0
2.85714,0.31746,0
2.93651,0.31746,0
3.01587,0.31746,0
3.09524,0.31746,0
3.1746,0.31746,0
3.25397,0.31746,0
3.33333,0.31746,0
3.4127,0.31746,0
3.49206,0.31746,0
3.57143,0.31746,0
3.65079,0.31746,0
3.73016,0.31746,0
3.80952,0.31746,0
3.88889,0.31746,0
3.96825,0.31746,0
4.04762,0.31746,0
4.12698,0.31746,0
4.20635,0.31746,0
4.28571,0.31746,0
4.36508,0.31746,0
4.44444,0.31746,0
4.52381,0.31746,0
4.60317,0.31746,0
4.68254,0.31746,0
4.7619,0.31746,0
4.84127,0.31746,0
4.92063,0.31746,0
5,0.31746,0

0,0.396825,0
0.0793651,0.396825,0
0.15873,0.396825,0
0.238095,0.396825,0
0.31746,0.396825,0
0.396825,0.396825,0
0.47619,0.396825,0
0.555556,0.396825,0
0.634921,0.396825,0
0.714286,0.396825,0
0.793651,0.396825,0
0.873016,0.396825,0
0.952381,0.396825,0
1.03175,0.396825,0
1.11111,0.396825,0
1.19048,0.396825,0
1.26984,0.396825,0
1.34921,0.396825,0
1.42857,0.396825,0
1.50794,0.396825,0
1.5873,0.396825,0
1.66667,0.396825,0
1.74603,0.396825,0
1.8254,0.396825,0
1.90476,0.396825,0
1.98413,0.396825,0
2.06349,0.396825,0
2.14286,0.396825,0
2.22222,0.396825,0
2.30159,0.396825,0
2.38095,0.396825,0
2.46032,0.396825,0
2.53968,0.396825,0
2.61905,0.396825,0
2.69841,0.396825,0
2.77778,0.396825,0
2.85714,0.396825,0
2.93651,0.396825,0
3.01587,0.396825,0
3.09524,0.396825,0
3.1746,0.396825,0
3.25397,0.396825,0
3.33333,0.396825,0
3.4127,0.396825,0
3.49206,0.396825,0
3.57143,0.396825,0
3.65079,0.396825,0
3.73016,0.396825,0
3.80952,0.396825,0
3.88889,0.396825,0
3.96825,0.396825,0
4.04762,0.396825,0
4.12698,0.396825,0
4.20635,0.396825,0
4.28571,0.396825,0
4.36508,0.396825,0
4.44444,0.396825,0
4.52381,0.396825,0
4.60317,0.396825,0
4.68254,0.396825,0
4.7619,0.396825,0
4.84127,0.396825,0
4.92063,0.396825,0
5,0.396825,0

0,0.47619,0
0.0793651,0.47619,0
0.15873,0.47619,0
0.238095,0.47619,0
0.31746,0.47619,0
0.396825,0.47619,0
0.47619,0.47619,0
0.555556,0.47619,0
0.634921,0.47619,0
0.714286,0.47619,0
0.793651,0.47619,0
0.873016,0.47619,0
0.952381,0.47619,0
1.03175,0.47619,0
1.11111,0.47619,0
1.19048,0.47619,0
1.26984,0.47619,0
1.34921,0.47619,0
1.42857,0.47619,0
1.50794,0.47619,0
1.5873,0.47619,0
1.66667,0.47619,0
1.74603,0.47619,0
1.8254,0.47619,0
1.90476,0.47619,0
1.98413,0.47619,0
2.06349,0.47619,0
2.14286,0.47619,0
2.22222,0.47619,0
2.30159,0.47619,0
2.38095,0.47619,0
2.46032,0.47619,0
2.53968,0.47619,0
2.61905,0.47619,0
2.69841,0.47619,0
2.77778,0.47619,0
2.85714,0.47619,0
2.93651,0.47619,0
3.01587,0.47619,0
3.09524,0.47619,0
3.1746,0.47619,0
3.25397,0.47619,0
3.33333,0.47619,0
3.4127,0.47619,0
3.49206,0.47619,0
3.57143,0.47619,0
3.65079,0.47619,0
3.73016,0.47619,0
3.80952,0.47619,0
3.88889,0.47619,0
3.96825,0.47619,0
4.04762,0.47619,0
4.12698,0.47619,0
4.20635,0.47619,0
4.28571,0.47619,0
4.36508,0.47619,0
4.44444,0.47619,0
4.52381,0.47619,0
4.60317,0.47619,0
4.68254,0.47619,0
4.7619,0.47619,0
4.84127,0.47619,0
4.92063,0.47619,0
5,0.47619,0

0,0.555556,0
0.0793651,0.555556,0
0.15873,0.555556,0
0.238095,0.555556,0
0.31746,0.555556,0
0.396825,0.555556,0
0.47619,0.555556,0
0.555556,0.555556,0
0.634921,0.555556,0
0.714286,0.555556,0
0.793651,0.555556,0
0.873016,0.555556,0
0.952381,0.555556,0
1.03175,0.555556,0
1.11111,0.555556,0
1.19048,0.555556,0
1.26984,0.555556,0
1.34921,0.555556,0
1.42857,0.555556,0
1.50794,0.555556,0
1.5873,0.555556,0
1.66667,0.555556,0
1.74603,0.555556,0
1.8254,0.555556,0
1.90476,0.555556,0
1.98413,0.555556,0
2.06349,0.555556,0
2.14286,0.555556,0
2.22222,0.555556,0
2.30159,0.555556,0
2.38095,0.555556,0
2.46032,0.555556,0
2.53968,0.555556,0
2.61905,0.555556,0
2.69841,0.555556,0
2.77778,0.555556,0
2.85714,0.555556,0
2.93651,0.555556,0
3.01587,0.555556,0
3.09524,0.555556,0
3.1746,0.555556,0
3.25397,0.555556,0
3.33333,0.555556,0
3.4127,0.555556,0
3.49206,0.555556,0
3.57143,0.555556,0
3.65079,0.555556,0
3.73016,0.555556,0
3.80952,0.555556,0
3.88889,0.555556,0
3.96825,0.555556,0
4.04762,0.555556,0
4.12698,0.555556,0
4.20635,0.555556,0
4.28571,0.555556,0
4.36508,0.555556,0
4.44444,0.555556,0
4.52381,0.555556,0
4.60317,0.555556,0
4.68254,0.555556,0
4.7619,0.555556,0
4.84127,0.555556,0
4.92063,0.555556,0
5,0.555556,0

0,0.634921,0
0.0793651,0.634921,0
0.15873,0.634921,0
0.238095,0.634921,0
0.31746,0.634921,0
0.396825,0.634921,0
0.47619,0.634921,0
0.555556,0.634921,0
0.634921,0.634921,0
0.714286,0.634921,0
0.793651,0.634921,0
0.873016,0.634921,0
0.952381,0.634921,0
1.03175,0.634921,0
1.11111,0.634921,0
1.19048,0.634921,0
1.26984,0.634921,0
1.34921,0.634921,0
1.42857,0.634921,0
1.50794,0.634921,0
1.5873,0.634921,0
1.66667,0.634921,0
1.74603,0.634921,0
1.8254,0.634921,0
1.90476,0.634921,0
1.98413,0.634921,0
2.06349,0.634921,0
2.14286,0.634921,0
2.22222,0.634921,0
2.30159,0.634921,0
2.38095,0.634921,0
2.46032,0.634921,0
2.53968,0.634921,0
2.61905,0.634921,0
2.69841,0.634921,0
2.77778,0.634921,0
2.85714,0.634921,0
2.93651,0.634921,0
3.01587,0.634921,0
3.09524,0.634921,0
3.1746,0.634921,0
3.25397,0.634921,0
3.33333,0.634921,0
3.4127,0.634921,0
3.49206,0.634921,0
3.57143,0.634921,0
3.65079,0.634921,0
3.73016,0.634921,0
3.80952,0.634921,0
3.88889,0.634921,0
3.96825,0.634921,0
4.04762,0.634921,0
4.12698,0.634921,0
4.20635,0.634921,0
4.28571,0.634921,0
4.36508,0.634921,0
4.44444,0.634921,0
4.52381,0.634921,0
4.60317,0.634921,0
4.68254,0.634921,0
4.7619,0.634921,0
4.84127,0.634921,0
4.92063,0.634921,0
5,0.634921,0

0,0.714286,0
0.0793651,0.714286,0
0.15873,0.714286,0
0.238095,0.714286,0
0.31746,0.714286,0
0.396825,0.714286,0
0.47619,0.714286,0
0.555556,0.714286,0
0.634921,0.714286,0
0.714286,0.714286,0
0.793651,0.714286,0
0.873016,0.714286,0
0.952381,0.714286,0
1.03175,0.714286,0
1.11111,0.714286,0
1.19048,0.714286,0
1.26984,0.714286,0
1.34921,0.714286,0
1.42857,0.714286,0
1.50794,0.714286,0
1.5873,0.714286,0
1.66667,0.714286,0
1.74603,0.714286,0
1.8254,0.714286,0
1.90476,0.714286,0
1.98413,0.714286,0
2.06349,0.714286,0
2.14286,0.714286,0
2.22222,0.714286,0
2.30159,0.714286,0
2.38095,0.714286,0
2.46032,0.714286,0
2.53968,0.714286,0
2.61905,0.714286,0
2.69841,0.714286,0
2.77778,0.714286,0
2.85714,0.714286,0
2.93651,0.714286,0
3.01587,0.714286,0
3.09524,0.714286,0
3.1746,0.714286,0
3.25397,0.714286,0
3.33333,0.714286,0
3.4127,0.714286,0
3.49206,0.714286,0
3.57143,0.714286,0
3.65079,0.714286,0
3.73016,0.714286,0
3.80952,0.714286,0
3.88889,0.714286,0
3.96825,0.714286,0
4.04762,0.714286,0
4.12698,0.714286,0
4.20635,0.714286,0
4.28571,0.714286,0
4.36508,0.714286,0
4.44444,0.714286,0
4.52381,0.714286,0
4.60317,0.714286,0
4.68254,0.714286,0
4.7619,0.714286,0
4.84127,0.714286,0
4.92063,0.714286,0
5,0.714286,0

0,0.793651,0
0.0793651,0.793651,0
0.15873,0.793651,0
0.238095,0.793651,0
0.31746,0.793651,0
0.396825,0.793651,0
0.47619,0.793651,0
0.555556,0.793651,0
0.634921,0.793651,0
0.714286,0.793651,0
0.793651,0.793651,0
0.873016,0.793651,0
0.952381,0.793651,0
1.03175,0.793651,0
1.11111,0.793651,0
1.19048,0.793651,0
1.26984,0.793651,0
1.34921,0.793651,0
1.42857,0.793651,0
1.50794,0.793651,0
1.5873,0.793651,0
1.66667,0.793651,0
1.74603,0.793651,0
1.8254,0.793651,0
1.90476,0.793651,0
1.98413,0.793651,0
2.06349,0.793651,0
2.14286,0.793651,0
2.22222,0.793651,0
2.30159,0.793651,0
2.38095,0.793651,0
2.46032,0.793651,0
2.53968,0.793651,0
2.61905,0.793651,0
2.69841,0.793651,0
2.77778,0.793651,0
2.85714,0.793651,0
2.93651,0.793651,0
3.01587,0.793651,0
3.09524,0.793651,0
3.1746,0.793651,0
3.25397,0.793651,0
3.33333,0.793651,0
3.4127,0.793651,0
3.49206,0.793651,0
3.57143,0.793651,0
3.65079,0.793651,0
3.73016,0.793651,0
3.80952,0.793651,0
3.88889,0.793651,0
3.96825,0.793651,0
4.04762,0.793651,0
4.12698,0.793651,0
4.20635,0.793651,0
4.28571,0.793651,0
4.36508,0.793651,0
4.44444,0.793651,0
4.52381,0.793651,0
4.60317,0.793651,0
4.68254,0.793651,0
4.7619,0.793651,0
4.84127,0.793651,0
4.92063,0.793651,0
5,0.793651,0

0,0.873016,0
0.0793651,0.873016,0
0.15873,0.873016,0
0.238095,0.873016,0
0.31746,0.873016,0
0.396825,0.873016,0
0.47619,0.873016,0
0.555556,0.873016,0
0.634921,0.873016,0
0.714286,0.873016,0
0.793651,0.873016,0
0.873016,0.873016,0
0.952381,0.873016,0
1.03175,0.873016,0
1.11111,0.873016,0
1.19048,0.873016,0
1.26984,0.873016,0
1.34921,0.873016,0
1.42857,0.873016,0
1.50794,0.873016,0
1.5873,0.873016,0
1.66667,0.873016,0
1.74603,0.873016,0
1.8254,0.873016,0
1.90476,0.873016,0
1.98413,0.873016,0
2.06349,0.873016,0
2.14286,0.873016,0
2.22222,0.873016,0
2.30159,0.873016,0
2.38095,0.873016,0
2.46032,0.873016,0
2.53968,0.873016,0
2.61905,0.873016,0
2.69841,0.873016,0
2.77778,0.873016,0
2.85714,0.873016,0
2.93651,0.873016,0
3.01587,0.873016,0
3.09524,0.873016,0
3.1746,0.873016,0
3.25397,0.873016,0
3.33333,0.873016,0
3.4127,0.873016,0
3.49206,0.873016,0
3.57143,0.873016,0
3.65079,0.873016,0
3.73016,0.873016,0
3.80952,0.873016,0
3.88889,0.873016,0
3.96825,0.873016,0
4.04762,0.873016,0
4.12698,0.873016,0
4.20635,0.873016,0
4.28571,0.873016,0
4.36508,0.873016,0
4.44444,0.873016,0
4.52381,0.873016,0
4.60317,0.873016,0
4.68254,0.873016,0
4.7619,0.873016,0
4.84127,0.873016,0
4.92063,0.873016,0
5,0.873016,0

0,0.952381,0
0.0793651,0.952381,0
0.15873,0.952381,0
0.238095,0.952381,0
0.31746,0.952381,0
0.396825,0.952381,0
0.47619,0.952381,0
0.555556,0.952381,0
0.634921,0.952381,0
0.714286,0.952381,0
0.793651,0.952381,0
0.873016,0.952381,0
0.952381,0.952381,0
1.03175,0.952381,0
1.11111,0.952381,0
1.19048,0.952381,0
1.26984,0.952381,0
1.34921,0.952381,0
1.42857,0.952381,0
1.50794,0.952381,0
1.5873,0.952381,0
1.66667,0.952381,0
1.74603,0.952381,0
1.8254,0.952381,0
1.90476,0.952381,0
1.98413,0.952381,0
2.06349,0.952381,0
2.14286,0.952381,0
2.22222,0.952381,0
2.30159,0.952381,0
2.38095,0.952381,0
2.46032,0.952381,0
2.53968,0.952381,0
2.61905,0.952381,0
2.69841,0.952381,0
2.77778,0.952381,0
2.85714,0.952381,0
2.93651,0.952381,0
3.01587,0.952381,0
3.09524,0.952381,0
3.1746,0.952381,0
3.25397,0.952381,0
3.33333,0.952381,0
3.4127,0.952381,0
3.49206,0.952381,0
3.57143,0.952381,0
3.65079,0.952381,0
3.73016,0.952381,0
3.80952,0.952381,0
3.88889,0.952381,0
3.96825,0.952381,0
4.04762,0.952381,0
4.12698,0.952381,0
4.20635,0.952381,0
4.28571,0.952381,0
4.36508,0.952381,0
4.44444,0.952381,0
4.52381,0.952381,0
4.60317,0.952381,0
4.68254,0.952381,0
4.7619,0.952381,0
4.84127,0.952381,0
4.92063,0.952381,0
5,0.952381,0

0,1.03175,0
0.0793651,1.03175,0
0.15873,1.03175,0
0.238095,1.03175,0
0.31746,1.03175,0
0.396825,1.03175,0
0.47619,1.03175,0
0.555556,1.03175,0
0.634921,1.03175,0
0.714286,1.03175,0
0.793651,1.03175,0
0.873016,1.03175,0
0.952381,1.03175,0
1.03175,1.03175,0
1.11111,1.03175,0
1.19048,1.03175,0
1.26984,1.03175,0
1.34921,1.03175,0
1.42857,1.03175,0
1.50794,1.03175,0
1.5873,1.03175,0
1.66667,1.03175,0
1.74603,1.03175,0
1.8254,1.03175,0
1.90476,1.03175,0
1.98413,1.03175,0
2.06349,1.03175,0
2.14286,1.03175,0
2.22222,1.03175,0
2.30159,1.03175,0
2.38095,1.03175,0
2.46032,1.03175,0
2.53968,1.03175,0
2.61905,1.03175,0
2.69841,1.03175,0
2.77778,1.03175,0
2.85714,1.03175,0
2.93651,1.03175,0
3.01587,1.03175,0
3.09524,1.03175,0
3.1746,1.03175,0
3.25397,1.03175,0
3.33333,1.03175,0
3.4127,1.03175,0
3.49206,1.03175,0
3.57143,1.03175,0
3.65079,1.03175,0
3.73016,1.03175,0
3.80952,1.03175,0
3.88889,1.03175,0
3.96825,1.03175,0
4.04762,1.03175,0
4.12698,1.03175,0
4.20635,1.03175,0
4.28571,1.03175,0
4.36508,1.03175,0
4.44444,1.03175,0
4.52381,1.03175,0
4.60317,1.03175,0
4.68254,1.03175,0
4.7619,1.03175,0
4.84127,1.03175,0
4.92063,1.03175,0
5,1.03175,0

0,1.11111,0
0.0793651,1.11111,0
0.15873,1.11111,0
0.238095,1.11111,0
0.31746,1.11111,0
0.396825,1.11111,0
0.47619,1.11111,0
0.555556,1.11111,0
0.634921,1.11111,0
0.714286,1.11111,0
0.793651,1.11111,0
0.873016,1.11111,0
0.952381,1.11111,0
1.03175,1.11111,0
1.11111,1.11111,0
1.19048,1.11111,0
1.26984,1.11111,0
1.34921,1.11111,0
1.42857,1.11111,0
1.50794,1.11111,0
1.5873,1.11111,0
1.66667,1.11111,0
1.74603,1.11111,0
1.8254,1.11111,0
1.90476,1.11111,0
1.98413,1.11111,0
2.06349,1.11111,0
2.14286,1.11111,0
2.22222,1.11111,0
2.30159,1.11111,0
2.38095,1.11111,0
2.46032,1.11111,0
2.53968,1.11111,0
2.61905,1.11111,0
2.69841,1.11111,0
2.77778,1.11111,0
2.85714,1.11111,0
2.93651,1.11111,0
3.01587,1.11111,0
3.09524,1.11111,0
3.1746,1.11111,0
3.25397,1.11111,0
3.33333,1.11111,0
3.4127,1.11111,0
3.49206,1.11111,0
3.57143,1.11111,0
3.65079,1.11111,0
3.73016,1.11111,0
3.80952,1.11111,0
3.88889,1.11111,0
3.96825,1.11111,0
4.04762,1.11111,0
4.12698,1.11111,0
4.20635,1.11111,0
4.28571,1.11111,0
4.36508,1.11111,0
4.44444,1.11111,0
4.52381,1.11111,0
4.60317,1.11111,0
4.68254,1.11111,0
4.7619,1.11111,0
4.84127,1.11111,0
4.92063,1.11111,0
5,1.11111,0

0,1.19048,0
0.0793651,1.19048,0
0.15873,1.19048,0
0.238095,1.19048,0
0.31746,1.19048,0
0.396825,1.19048,0
0.47619,1.19048,0
0.555556,1.19048,0
0.634921,1.19048,0
0.714286,1.19048,0
0.793651,1.19048,0
0.873016,1.19048,0
0.952381,1.19048,0
1.03175,1.19048,0
1.11111,1.19048,0
1.19048,1.19048,0
1.26984,1.19048,0
1.34921,1.19048,0
1.42857,1.19048,0
1.50794,1.19048,0
1.5873,1.19048,0
1.66667,1.19048,0
1.74603,1.19048,0
1.8254,1.19048,0
1.90476,1.19048,0
1.98413,1.19048,0
2.06349,1.19048,0
2.14286,1.19048,0
2.22222,1.19048,0
2.30159,1.19048,0
2.38095,1.19048,0
2.46032,1.19048,0
2.53968,1.19048,0
2.61905,1.19048,0
2.69841,1.19048,0
2.77778,1.19048,0
2.85714,1.19048,0
2.93651,1.19048,0
3.01587,1.19048,0
3.09524,1.19048,0
3.1746,1.19048,0
3.25397,1.19048,0
3.33333,1.19048,0
3.4127,1.19048,0
3.49206,1.19048,0
3.57143,1.19048,0
3.65079,1.19048,0
3.73016,1.19048,0
3.80952,1.19048,0
3.88889,1.19048,0
3.96825,1.19048,0
4.04762,1.19048,0
4.12698,1.19048,0
4.20635,1.19048,0
4.28571,1.19048,0
4.36508,1.19048,0
4.44444,1.19048,0
4.52381,1.19048,0
4.60317,1.19048,0
4.68254,1.19048,0
4.7619,1.19048,0
4.84127,1.19048,0
4.92063,1.19048,0
5,1.19048,0

0,1.26984,0
0.0793651,1.26984,0
0.15873,1.26984,0
0.238095,1.26984,0
0.31746,1.26984,0
0.396825,1.26984,0
0.47619,1.26984,0
0.555556,1.26984,0
0.634921,1.26984,0
0.714286,1.26984,0
0.793651,1.26984,0
0.873016,1.26984,0
0.952381,1.26984,0
1.03175,1.26984,0
1.11111,1.26984,0
1.19048,1.26984,0
1.26984,1.26984,0
1.34921,1.26984,0
1.42857,1.26984,0
1.50794,1.26984,0
1.5873,1.26984,0
1.66667,1.26984,0
1.74603,1.26984,0
1.8254,1.26984,0
1.90476,1.26984,0
1.98413,1.26984,0
2.06349,1.26984,0
2.14286,1.26984,0
2.22222,1.26984,0
2.30159,1.26984,0
2.38095,1.26984,0
2.46032,1.26984,0
2.53968,1.26984,0
2.61905,1.26984,0
2.69841,1.26984,0
2.77778,1.26984,0
2.85714,1.26984,0
2.93651,1.26984,0
3.01587,1.26984,0
3.09524,1.26984,0
3.1746,1.26984,0
3.25397,1.26984,0
3.33333,1.26984,0
3.4127,1.26984,0
3.49206,1.26984,0
3.57143,1.26984,0
3.65079,1.26984,0
3.73016,1.26984,0
3.80952,1.26984,0
3.88889,1.26984,0
3.96825,1.26984,0
4.04762,1.26984,0
4.12698,1.26984,0
4.20635,1.26984,0
4.28571,1.26984,0
4.36508,1.26984,0
4.44444,1.26984,0
4.52381,1.26984,0
4.60317,1.26984,0
4.68254,1.26984,0
4.7619,1.26984,0
4.84127,1.26984,0
4.92063,1.26984,0
5,1.26984,0

0,1.34921,0
0.0793651,1.34921,0
0.15873,1.34921,0
0.238095,1.34921,0
0.31746,1.34921,0
0.396825,1.34921,0
0.47619,1.34921,0
0.555556,1.34921,0
0.634921,1.34921,0
0.714286,1.34921,0
0.793651,1.34921,0
0.873016,1.34921,0
0.952381,1.34921,0
1.03175,1.34921,0
1.11111,1.34921,0
1.19048,1.34921,0
1.26984,1.34921,0
1.34921,1.34921,0
1.42857,1.34921,0
1.50794,1.34921,0
1.5873,1.34921,0
1.66667,1.34921,0
1.74603,1.34921,0
1.8254,1.34921,0
1.90476,1.34921,0
1.98413,1.34921,0
2.06349,1.34921,0
2.14286,1.34921,0
2.22222,1.34921,0
2.30159,1.34921,0
2.38095,1.34921,0
2.46032,1.34921,0
2.53968,1.34921,0
2.61905,1.34921,0
2.69841,1.34921,0
2.77778,1.34921,0
2.85714,1.34921,0
2.93651,1.34921,0
3.01587,1.34921,0
3.09524,1.34921,0
3.1746,1.34921,0
3.25397,1.34921,0
3.33333,1.34921,0
3.4127,1.34921,0
3.49206,1.34921,0
3.57143,1.34921,0
3.65079,1.34921,0
3.73016,1.34921,0
3.80952,1.34921,0
3.88889,1.34921,0
3.96825,1.34921,0
4.04762,1.34921,0
4.12698,1.34921,0
4.20635,1.34921,0
4.28571,1.34921,0
4.36508,1.34921,0
4.44444,1.34921,0
4.52381,1.34921,0
4.60317,1.34921,0
4.68254,1.34921,0
4.7619,1.34921,0
4.84127,1.34921,0
4.92063,1.34921,0
5,1.34921,0

0,1.42857,0
0.0793651,1.42857,0
0.15873,1.42857,0
0.238095,1.42857,0
0.31746,1.42857,0
0.396825,1.42857,0
0.47619,1.42857,0
0.555556,1.42857,0
0.634921,1.42857,0
0.714286,1.42857,0
0.793651,1.42857,0
0.873016,1.42857,0
0.952381,1.42857,0
1.03175,1.42857,0
1.11111,1.42857,0
1.19048,1.42857,0
1.26984,1.42857,0
1.34921,1.42857,0
1.42857,1.42857,0
1.50794,1.42857,0
1.5873,1.42857,0
1.66667,1.42857,0
1.74603,1.42857,0
1.8254,1.42857,0
1.90476,1.42857,0
1.98413,1.42857,0
2.06349,1.42857,0
2.14286,1.42857,0
2.22222,1.42857,0
2.30159,1.42857,0
2.38095,1.42857,0
2.46032,1.42857,0
2.53968,1.42857,0
2.61905,1.42857,0
2.69841,1.42857,0
2.77778,1.42857,0
2.85714,1.42857,0
2.93651,1.42857,0
3.01587,1.42857,0
3.09524,1.42857,0
3.1746,1.42857,0
3.25397,1.42857,0
3.33333,1.42857,0
3.4127,1.42857,0
3.49206,1.42857,0
3.57143,1.42857,0
3.65079,1.42857,0
3.73016,1.42857,0
3.80952,1.42857,0
3.88889,1.42857,0
3.96825,1.42857,0
4.04762,1.42857,0
4.12698,1.42857,0
4.20635,1.42857,0
4.28571,1.42857,0
4.36508,1.42857,0
4.44444,1.42857,0
4.52381,1.42857,0
4.60317,1.42857,0
4.68254,1.42857,0
4.7619,1.42857,0
4.84127,1.42857,0
4.92063,1.42857,0
5,1.42857,0

0,1.50794,0
0.0793651,1.50794,0
0.15873,1.50794,0
0.238095,1.50794,0
0.31746,1.50794,0
0.396825,1.50794,0
0.47619,1.50794,0
0.555556,1.50794,0
0.634921,1.50794,0
0.714286,1.50794,0
0.793651,1.50794,0
0.873016,1.50794,0
0.952381,1.50794,0
1.03175,1.50794,0
1.11111,1.50794,0
1.19048,1.50794,0
1.26984,1.50794,0
1.34921,1.50794,0
1.42857,1.50794,0
1.50794,1.50794,0
1.5873,1.50794,0
1.66667,1.50794,0
1.74603,1.50794,0
1.8254,1.50794,0
1.90476,1.50794,0
1.98413,1.50794,0
2.06349,1.50794,0
2.14286,1.50794,0
2.22222,1.50794,0
2.30159,1.50794,0
2.38095,1.50794,0
2.46032,1.50794,0
2.53968,1.50794,0
2.61905,1.50794,0
2.69841,1.50794,0
2.77778,1.50794,0
2.85714,1.50794,0
2.93651,1.50794,0
3.01587,1.50794,0
3.09524,1.50794,0
3.1746,1.50794,0
3.25397,1.50794,0
3.33333,1.50794,0
3.4127,1.50794,0
3.49206,1.50794,0
3.57143,1.50794,0
3.65079,1.50794,0
3.73016,1.50794,0
3.80952,1.50794,0
3.88889,1.50794,0
3.96825,1.50794,0
4.04762,1.50794,0
4.12698,1.50794,0
4.20635,1.50794,0
4.28571,1.50794,0
4.36508,1.50794,0
4.44444,1.50794,0
4.52381,1.50794,0
4.60317,1.50794,0
4.68254,1.50794,0
4.7619,1.50794,0
4.84127,1.50794,0
4.92063,1.50794,0
5,1.50794,0

0,1.5873,0
0.0793651,1.5873,0
0.15873,1.5873,0
0.238095,1.5873,0
0.31746,1.5873,0
0.396825,1.5873,0
0.47619,1.5873,0
0.555556,1.5873,0
0.634921,1.5873,0
0.714286,1.5873,0
0.793651,1.5873,0
0.873016,1.5873,0
0.952381,1.5873,0
1.03175,1.5873,0
1.11111,1.5873,0
1.19048,1.5873,0
1.26984,1.5873,0
1.34921,1.5873,0
1.42857,1.5873,0
1.50794,1.5873,0
1.5873,1.5873,0
1.66667,1.5873,0
1.74603,1.5873,0
1.8254,1.5873,0
1.90476,1.5873,0
1.98413,1.5873,0
2.06349,1.5873,0
2.14286,1.5873,0
2.22222,1.5873,0
2.30159,1.5873,0
2.38095,1.5873,0
2.46032,1.5873,0
2.53968,1.5873,0
2.61905,1.5873,0
2.69841,1.5873,0
2.77778,1.5873,0
2.85714,1.5873,0
2.93651,1.5873,0
3.01587,1.5873,0
3.09524,1.5873,0
3.1746,1.5873,0
3.25397,1.5873,0
3.33333,1.5873,0
3.4127,1.5873,0
3.49206,1.5873,0
3.57143,1.5873,0
3.65079,1.5873,0
3.73016,1.5873,0
3.80952,1.5873,0
3.88889,1.5873,0
3.96825,1.5873,0
4.04762,1.5873,0
4.12698,1.5873,0
4.20635,1.5873,0
4.28571,1.5873,0
4.36508,1.5873,0
4.44444,1.5873,0
4.52381,1.5873,0
4.60317,1.5873,0
4.68254,1.5873,0
4.7619,1.5873,0
4.84127,1.5873,0
4.92063,1.5873,0
5,1.5873,0

0,1.66667,0
0.0793651,1.66667,0
0.15873,1.66667,0
0.238095,1.66667,0
0.31746,1.66667,0
0.396825,1.66667,0
0.47619,1.66667,0
0.555556,1.66667,0
0.634921,1.66667,0
0.714286,1.66667,0
0.793651,1.66667,0
0.873016,1.66667,0
0.952381,1.66667,0
1.03175,1.66667,0
1.11111,1.66667,0
1.19048,1.66667,0
1.26984,1.66667,0
1.34921,1.66667,0
1.42857,1.66667,0
1.50794,1.66667,0
1.5873,1.66667,0
1.66667,1.66667,0
1.74603,1.66667,0
1.8254,1.66667,0
1.90476,1.66667,0
1.98413,1.66667,0
2.06349,1.66667,0
2.14286,1.66667,0
2.22222,1.66667,0
2.30159,1.66667,0
2.38095,1.66667,0
2.46032,1.66667,0
2.53968,1.66667,0
2.61905,1.66667,0
2.69841,1.66667,0
2.77778,1.66667,0
2.85714,1.66667,0
2.93651,1.66667,0
3.01587,1.66667,0
3.09524,1.66667,0
3.1746,1.66667,0
3.25397,1.66667,0
3.33333,1.66667,0
3.4127,1.66667,0
3.49206,1.66667,0
3.57143,1.66667,0
3.65079,1.66667,0
3.73016,1.66667,0
3.80952,1.66667,0
3.88889,1.66667,0
3.96825,1.66667,0
4.04762,1.66667,0
4.12698,1.66667,0
4.20635,1.66667,0
4.28571,1.66667,0
4.36508,1.66667,0
4.44444,1.66667,0
4.52381,1.66667,0
4.60317,1.66667,0
4.68254,1.66667,0
4.7619,1.66667,0
4.84127,1.66667,0
4.92063,1.66667,0
5,1.66667,0

0,1.74603,0
0.0793651,1.74603,0
0.15873,1.74603,0
0.238095,1.74603,0
0.31746,1.74603,0
0.396825,1.74603,0
0.47619,1.74603,0
0.555556,1.74603,0
0.634921,1.74603,0
0.714286,1.74603,0
0.793651,1.74603,0
0.873016,1.74603,0
0.952381,1.74603,0
1.03175,1.74603,0
1.11111,1.74603,0
1.19048,1.74603,0
1.26984,1.74603,0
1.34921,1.74603,0
1.42857,1.74603,0
1.50794,1.74603,0
1.5873,1.74603,0
1.66667,1.74603,0
1.74603,1.74603,0
1.8254,1.74603,0
1.90476,1.74603,0
1.98413,1.74603,0
2.06349,1.74603,0
2.14286,1.74603,0
2.22222,1.74603,0
2.30159,1.74603,0
2.38095,1.74603,0
2.46032,1.74603,0
2.53968,1.74603,0
2.61905,1.74603,0
2.69841,1.74603,0
2.77778,1.74603,0
2.85714,1.74603,0
2.93651,1.74603,0
3.01587,1.74603,0
3.09524,1.74603,0
3.1746,1.74603,0
3.25397,1.74603,0
3.33333,1.74603,0
3.4127,1.74603,0
3.49206,1.74603,0
3.57143,1.74603,0
3.65079,1.74603,0
3.73016,1.74603,0
3.80952,1.74603,0
3.88889,1.74603,0
3.96825,1.74603,0
4.04762,1.74603,0
4.12698,1.74603,0
4.20635,1.74603,0
4.28571,1.74603,0
4.36508,1.74603,0
4.44444,1.74603,0
4.52381,1.74603,0
4.60317,1.74603,0
4.68254,1.74603,0
4.7619,1.74603,0
4.84127,1.74603,0
4.92063,1.74603,0
5,1.74603,0

0,1.8254,0
0.0793651,1.8254,0
0.15873,1.8254,0
0.238095,1.8254,0
0.31746,1.8254,0
0.396825,1.8254,0
0.47619,1.8254,0
0.555556,1.8254,0
0.634921,1.8254,0
0.714286,1.8254,0
0.793651,1.8254,0
0.873016,1.8254,0
0.952381,1.8254,0
1.03175,1.8254,0
1.11111,1.8254,0
1.19048,1.8254,0
1.26984,1.8254,0
1.34921,1.8254,0
1.42857,1.8254,0
1.50794,1.8254,0
1.5873,1.8254,0
1.66667,1.8254,0
1.74603,1.8254,0
1.8254,1.8254,0
1.90476,1.8254,0
1.98413,1.8254,0
2.06349,1.8254,0
2.14286,1.8254,0
2.22222,1.8254,0
2.30159,1.8254,0
2.38095,1.8254,0
2.46032,1.8254,0
2.53968,1.8254,0
2.61905,1.8254,0
2.69841,1.8254,0
2.77778,1.8254,0
2.85714,1.8254,0
2.93651,1.8254,0
3.01587,1.8254,0
3.09524,1.8254,0
3.1746,1.8254,0
3.25397,1.8254,0
3.33333,1.8254,0
3.4127,1.8254,0
3.49206,1.8254,0
3.57143,1.8254,0
3.65079,1.8254,0
3.73016,1.8254,0
3.80952,1.8254,0
3.88889,1.8254,0
3.96825,1.8254,0
4.04762,1.8254,0
4.12698,1.8254,0
4.20635,1.8254,0
4.28571,1.8254,0
4.36508,1.8254,0
4.44444,1.8254,0
4.52381,1.8254,0
4.60317,1.8254,0
4.68254,1.8254,0
4.7619,1.8254,0
4.84127,1.8254,0
4.92063,1.8254,0
5,1.8254,0

0,1.90476,0
0.0793651,1.90476,0
0.15873,1.90476,0
0.238095,1.90476,0
0.31746,1.90476,0
0.396825,1.90476,0
0.47619,1.90476,0
0.555556,1.90476,0
0.634921,1.90476,0
0.714286,1.90476,0
0.793651,1.90476,0
0.873016,1.90476,0
0.952381,1.90476,0
1.03175,1.90476,0
1.11111,1.90476,0
1.19048,1.90476,0
1.26984,1.90476,0
1.34921,1.90476,0
1.42857,1.90476,0
1.50794,1.90476,0
1.5873,1.90476,0
1.66667,1.90476,0
1.74603,1.90476,0
1.8254,1.90476,0
1.90476,1.90476,0
1.98413,1.90476,0
2.06349,1.90476,0
2.14286,1.90476,0
2.22222,1.90476,0
2.30159,1.90476,0
2.38095,1.90476,0
2.46032,1.90476,0
2.53968,1.90476,0
2.61905,1.90476,0
2.69841,1.90476,0
2.77778,1.90476,0
2.85714,1.90476,0
2.93651,1.90476,0
3.01587,1.90476,0
3.09524,1.90476,0
3.1746,1.90476,0
3.25397,1.90476,0
3.33333,1.90476,0
3.4127,1.90476,0
3.49206,1.90476,0
3.57143,1.90476,0
3.65079,1.90476,0
3.73016,1.90476,0
3.80952,1.90476,0
3.88889,1.90476,0
3.96825,1.90476,0
4.04762,1.90476,0
4.12698,1.90476,0
4.20635,1.90476,0
4.28571,1.90476,0
4.36508,1.90476,0
4.44444,1.90476,0
4.52381,1.90476,0
4.60317,1.90476,0
4.68254,1.90476,0
4.7619,1.90476,0
4.84127,1.90476,0
4.92063,1.90476,0
5,1.90476,0

0,1.98413,0
0.0793651,1.98413,0
0.15873,1.98413,0
0.238095,1.98413,0
0.31746,1.98413,0
0.396825,1.98413,0
0.47619,1.98413,0
0.555556,1.98413,0
0.634921,1.98413,0
0.714286,1.98413,0
0.793651,1.98413,0
0.873016,1.98413,0
0.952381,1.98413,0
1.03175,1.98413,0
1.11111,1.98413,0
1.19048,1.98413,0
1.26984,1.98413,0
1.34921,1.98413,0
1.42857,1.98413,0
1.50794,1.98413,0
1.5873,1.98413,0
1.66667,1.98413,0
1.74603,1.98413,0
1.8254,1.98413,0
1.90476,1.98413,0
1.98413,1.98413,0
2.06349,1.98413,0
2.14286,1.98413,0
2.22222,1.98413,0
2.30159,1.98413,0
2.38095,1.98413,0
2.46032,1.98413,0
2.53968,1.98413,0
2.61905,1.98413,0
2.69841,1.98413,0
2.77778,1.98413,0
2.85714,1.98413,0
2.93651,1.98413,0
3.01587,1.98413,0
3.09524,1.98413,0
3.1746,1.98413,0
3.25397,1.98413,0
3.33333,1.98413,0
3.4127,1.98413,0
3.49206,1.98413,0
3.57143,1.98413,0
3.65079,1.98413,0
3.73016,1.98413,0
3.80952,1.98413,0
3.88889,1.98413,0
3.96825,1.98413,0
4.04762,1.98413,0
4.12698,1.98413,0
4.20635,1.98413,0
4.28571,1.98413,0
4.36508,1.98413,0
4.44444,1.98413,0
4.52381,1.98413,0
4.60317,1.98413,0
4.68254,1.98413,0
4.7619,1.98413,0
4.84127,1.98413,0
4.92063,1.98413,0
5,1.98413,0

0,2.06349,0
0.0793651,2.06349,0
0.15873,2.06349,0
0.238095,2.06349,0
0.31746,2.06349,0
0.396825,2.06349,0
0.47619,2.06349,0
0.555556,2.06349,0
0.634921,2.06349,0
0.714286,2.06349,0
0.793651,2.06349,0
0.873016,2.06349,0
0.952381,2.06349,0
1.03175,2.06349,0
1.11111,2.06349,0
1.19048,2.06349,0
1.26984,2.06349,0
1.34921,2.06349,0
1.42857,2.06349,0
1.50794,2.06349,0
1.5873,2.06349,0
1.66667,2.06349,0
1.74603,2.06349,0
1.8254,2.06349,0
1.90476,2.06349,0
1.98413,2.06349,0
2.06349,2.06349,0
2.14286,2.06349,0
2.22222,2.06349,0
2.30159,2.06349,0
2.38095,2.06349,0
2.46032,2.06349,0
2.53968,2.06349,0
2.61905,2.06349,0
2.69841,2.06349,0
2.77778,2.06349,0
2.85714,2.06349,0
2.93651,2.06349,0
3.01587,2.06349,0
3.09524,2.06349,0
3.1746,2.06349,0
3.25397,2.06349,0
3.33333,2.06349,0
3.4127,2.06349,0
3.49206,2.06349,0
3.57143,2.06349,0
3.65079,2.06349,0
3.73016,2.06349,0
3.80952,2.06349,0
3.88889,2.06349,0
3.96825,2.06349,0
4.04762,2.06349,0
4.12698,2.06349,0
4.20635,2.06349,0
4.28571,2.06349,0
4.36508,2.06349,0
4.44444,2.06349,0
4.52381,2.06349,0
4.60317,2.06349,0
4.68254,2.06349,0
4.7619,2.06349,0
4.84127,2.06349,0
4.92063,2.06349,0
5,2.06349,0

0,2.14286,0
0.0793651,2.14286,0
0.15873,2.14286,0
0.238095,2.14286,0
0.31746,2.14286,0
0.396825,2.14286,0
0.47619,2.14286,0
0.555556,2.14286,0
0.634921,2.14286,0
0.714286,2.14286,0
0.793651,2.14286,0
0.873016,2.14286,0
0.952381,2.14286,0
1.03175,2.14286,0
1.11111,2.14286,0
1.19048,2.14286,0
1.26984,2.14286,0
1.34921,2.14286,0
1.42857,2.14286,0
1.50794,2.14286,0
1.5873,2.14286,0
1.66667,2.14286,0
1.74603,2.14286,0
1.8254,2.14286,0
1.90476,2.14286,0
1.98413,2.14286,0
2.06349,2.14286,0
2.14286,2.14286,0
2.22222,2.14286,0
2.30159,2.14286,0
2.38095,2.14286,0
2.46032,2.14286,0
2.53968,2.14286,0
2.61905,2.14286,0
2.69841,2.14286,0
2.77778,2.14286,0
2.85714,2.14286,0
2.93651,2.14286,0
3.01587,2.14286,0
3.09524,2.14286,0
3.1746,2.14286,0
3.25397,2.14286,0
3.33333,2.14286,0
3.4127,2.14286,0
3.49206,2.14286,0
3.57143,2.14286,0
3.65079,2.14286,0
3.73016,2.14286,0
3.80952,2.14286,0
3.88889,2.14286,0
3.96825,2.14286,0
4.04762,2.14286,0
4.12698,2.14286,0
4.20635,2.14286,0
4.28571,2.14286,0
4.36508,2.14286,0
4.44444,2.14286,0
4.52381,2.14286,0
4.60317,2.14286,0
4.68254,2.14286,0
4.7619,2.14286,0
4.84127,2.14286,0
4.92063,2.14286,0
5,2.14286,0

0,2.22222,0
0.0793651,2.22222,0
0.15873,2.22222,0
0.238095,2.22222,0
0.31746,2.22222,0
0.396825,2.22222,0
0.47619,2.22222,0
0.555556,2.22222,0
0.634921,2.22222,0
0.714286,2.22222,0
0.793651,2.22222,0
0.873016,2.22222,0
0.952381,2.22222,0
1.03175,2.22222,0
1.11111,2.22222,0
1.19048,2.22222,0
1.26984,2.22222,0
1.34921,2.22222,0
1.42857,2.22222,0
1.50794,2.22222,0
1.5873,2.22222,0
1.66667,2.22222,0
1.74603,2.22222,0
1.8254,2.22222,0
1.90476,2.22222,0
1.98413,2.22222,0
2.06349,2.22222,0
2.14286,2.22222,0
2.22222,2.22222,0
2.30159,2.22222,0
2.38095,2.22222,0
2.46032,2.22222,0
2.53968,2.22222,0
2.61905,2.22222,0
2.69841,2.22222,0
2.77778,2.22222,0
2.85714,2.22222,0
2.93651,2.22222,0
3.01587,2.22222,0
3.09524,2.22222,0
3.1746,2.22222,0
3.25397,2.22222,0
3.33333,2.22222,0
3.4127,2.22222,0
3.49206,2.22222,0
3.57143,2.22222,0
3.65079,2.22222,0
3.73016,2.22222,0
3.80952,2.22222,0
3.88889,2.22222,0
3.96825,2.22222,0
4.04762,2.22222,0
4.12698,2.22222,0
4.20635,2.22222,0
4.28571,2.22222,0
4.36508,2.22222,0
4.44444,2.22222,0
4.52381,2.22222,0
4.60317,2.22222,0
4.68254,2.22222,0
4.7619,2.22222,0
4.84127,2.22222,0
4.92063,2.22222,0
5,2.22222,0

0,2.30159,0
0.0793651,2.30159,0
0.15873,2.30159,0
0.238095,2.30159,0
0.31746,2.30159,0
0.396825,2.30159,0
0.47619,2.30159,0
0.555556,2.30159,0
0.634921,2.30159,0
0.714286,2.30159,0
0.793651,2.30159,0
0.873016,2.30159,0
0.952381,2.30159,0
1.03175,2.30159,0
1.11111,2.30159,0
1.19048,2.30159,0
1.26984,2.30159,0
1.34921,2.30159,0
1.42857,2.30159,0
1.50794,2.30159,0
1.5873,2.30159,0
1.66667,2.30159,0
1.74603,2.30159,0
1.8254,2.30159,0
1.90476,2.30159,0
1.98413,2.30159,0
2.06349,2.30159,0
2.14286,2.30159,0
2.22222,2.30159,0
2.30159,2.30159,0
2.38095,2.30159,0
2.46032,2.30159,0
2.53968,2.30159,0
2.61905,2.30159,0
2.69841,2.30159,0
2.77778,2.30159,0
2.85714,2.30159,0
2.93651,2.30159,0
3.01587,2.30159,0
3.09524,2.30159,0
3.1746,2.30159,0
3.25397,2.30159,0
3.33333,2.30159,0
3.4127,2.30159,0
3.49206,2.30159,0
3.57143,2.30159,0
3.65079,2.30159,0
3.73016,2.30159,0
3.80952,2.30159,0
3.88889,2.30159,0
3.96825,2.30159,0
4.04762,2.30159,0
4.12698,2.30159,0
4.20635,2.30159,0
4.28571,2.30159,0
4.36508,2.30159,0
4.44444,2.30159,0
4.52381,2.30159,0
4.60317,2.30159,0
4.68254,2.30159,0
4.7619,2.30159,0
4.84127,2.30159,0
4.92063,2.30159,0
5,2.30159,0

0,2.38095,0
0.0793651,2.38095,0
0.15873,2.38095,0
0.238095,2.38095,0
0.31746,2.38095,0
0.396825,2.38095,0
0.47619,2.38095,0
0.555556,2.38095,0
0.634921,2.38095,0
0.714286,2.38095,0
0.793651,2.38095,0
0.873016,2.38095,0
0.952381,2.38095,0
1.03175,2.38095,0
1.11111,2.38095,0
1.19048,2.38095,0
1.26984,2.38095,0
1.34921,2.38095,0
1.42857,2.38095,0
1.50794,2.38095,0
1.5873,2.38095,0
1.66667,2.38095,0
1.74603,2.38095,0
1.8254,2.38095,0
1.90476,2.38095,0
1.98413,2.38095,0
2.06349,2.38095,0
2.14286,2.38095,0
2.22222,2.38095,0
2.30159,2.38095,0
2.38095,2.38095,0
2.46032,2.38095,0
2.53968,2.38095,0
2.61905,2.38095,0
2.69841,2.38095,0
2.77778,2.38095,0
2.85714,2.38095,0
2.93651,2.38095,0
3.01587,2.38095,0
3.09524,2.38095,0
3.1746,2.38095,0
3.25397,2.38095,0
3.33333,2.38095,0
3.4127,2.38095,0
3.49206,2.38095,0
3.57143,2.38095,0
3.65079,2.38095,0
3.73016,2.38095,0
3.80952,2.38095,0
3.88889,2.38095,0
3.96825,2.38095,0
4.04762,2.38095,0
4.12698,2.38095,0
4.20635,2.38095,0
4.28571,2.38095,0
4.36508,2.38095,0
4.44444,2.38095,0
4.52381,2.38095,0
4.60317,2.38095,0
4.68254,2.38095,0
4.7619,2.38095,0
4.84127,2.38095,0
4.92063,2.38095,0
5,2.38095,0

0,2.46032,0
0.0793651,2.46032,0
0.15873,2.46032,0
0.238095,2.46032,0
0.31746,2.46032,0
0.396825,2.46032,0
0.47619,2.46032,0
0.555556,2.46032,0
0.634921,2.46032,0
0.714286,2.46032,0
0.793651,2.46032,0
0.873016,2.46032,0
0.952381,2.46032,0
1.03175,2.46032,0
1.11111,2.46032,0
1.19048,2.46032,0
1.26984,2.46032,0
1.34921,2.46032,0
1.42857,2.46032,0
1.50794,2.46032,0
1.5873,2.46032,0
1.66667,2.46032,0
1.74603,2.46032,0
1.8254,2.46032,0
1.90476,2.46032,0
1.98413,2.46032,0
2.06349,2.46032,0
2.14286,2.46032,0
2.22222,2.46032,0
2.30159,2.46032,0
2.38095,2.46032,0
2.46032,2.46032,0
2.53968,2.46032,0
2.61905,2.46032,0
2.69841,2.46032,0
2.77778,2.46032,0
2.85714,2.46032,0
2.93651,2.46032,0
3.01587,2.46032,0
3.09524,2.46032,0
3.1746,2.46032,0
3.25397,2.46032,0
3.33333,2.46032,0
3.4127,2.46032,0
3.49206,2.46032,0
3.57143,2.46032,0
3.65079,2.46032,0
3.73016,2.46032,0
3.80952,2.46032,0
3.88889,2.46032,0
3.96825,2.46032,0
4.04762,2.46032,0
4.12698,2.46032,0
4.20635,2.46032,0
4.28571,2.46032,0
4.36508,2.46032,0
4.44444,2.46032,0
4.52381,2.46032,0
4.60317,2.46032,0
4.68254,2.46032,0
4.7619,2.46032,0
4.84127,2.46032,0
4.92063,2.46032,0
5,2.46032,0

0,2.53968,0
0.0793651,2.53968,0
0.15873,2.53968,0
0.238095,2.53968,0
0.31746,2.53968,0
0.396825,2.53968,0
0.47619,2.53968,0
0.555556,2.53968,0
0.634921,2.53968,0
0.714286,2.53968,0
0.793651,2.53968,0
0.873016,2.53968,0
0.952381,2.53968,0
1.03175,2.53968,0
1.11111,2.53968,0
1.19048,2.53968,0
1.26984,2.53968,0
1.34921,2.53968,0
1.42857,2.53968,0
1.50794,2.53968,0
1.5873,2.53968,0
1.66667,2.53968,0
1.74603,2.53968,0
1.8254,2.53968,0
1.90476,2.53968,0
1.98413,2.53968,0
2.06349,2.53968,0
2.14286,2.53968,0
2.22222,2.53968,0
2.30159,2.53968,0
2.38095,2.53968,0
2.46032,2.53968,0
2.53968,2.53968,0
2.61905,2.53968,0
2.69841,2.53968,0
2.77778,2.53968,0
2.85714,2.53968,0
2.93651,2.53968,0
3.01587,2.53968,0
3.09524,2.53968,0
3.1746,2.53968,0
3.25397,2.53968,0
3.33333,2.53968,0
3.4127,2.53968,0
3.49206,2.53968,0
3.57143,2.53968,0
3.65079,2.53968,0
3.73016,2.53968,0
3.80952,2.53968,0
3.88889,2.53968,0
3.96825,2.53968,0
4.04762,2.53968,0
4.12698,2.53968,0
4.20635,2.53968,0
4.28571,2.53968,0
4.36508,2.53968,0
4.44444,2.53968,0
4.52381,2.53968,0
4.60317,2.53968,0
4.68254,2.53968,0
4.7619,2.53968,0
4.84127,2.53968,0
4.92063,2.53968,0
5,2.53968,0

0,2.61905,0
0.0793651,2.61905,0
0.15873,2.61905,0
0.238095,2.61905,0
0.31746,2.61905,0
0.396825,2.61905,0
0.47619,2.61905,0
0.555556,2.61905,0
0.634921,2.61905,0
0.714286,2.61905,0
0.793651,2.61905,0
0.873016,2.61905,0
0.952381,2.61905,0
1.03175,2.61905,0
1.11111,2.61905,0
1.19048,2.61905,0
1.26984,2.61905,0
1.34921,2.61905,0
1.42857,2.61905,0
1.50794,2.61905,0
1.5873,2.61905,0
1.66667,2.61905,0
1.74603,2.61905,0
1.8254,2.61905,0
1.90476,2.61905,0
1.98413,2.61905,0
2.06349,2.61905,0
2.14286,2.61905,0
2.22222,2.61905,0
2.30159,2.61905,0
2.38095,2.61905,0
2.46032,2.61905,0
2.53968,2.61905,0
2.61905,2.61905,0
2.69841,2.61905,0
2.77778,2.61905,0
2.85714,2.61905,0
2.93651,2.61905,0
3.01587,2.61905,0
3.09524,2.61905,0
3.1746,2.61905,0
3.25397,2.61905,0
3.33333,2.61905,0
3.4127,2.61905,0
3.49206,2.61905,0
3.57143,2.61905,0
3.65079,2.61905,0
3.73016,2.61905,0
3.80952,2.61905,0
3.88889,2.61905,0
3.96825,2.61905,0
4.04762,2.61905,0
4.12698,2.61905,0
4.20635,2.61905,0
4.28571,2.61905,0
4.36508,2.61905,0
4.44444,2.61905,0
4.52381,2.61905,0
4.60317,2.61905,0
4.68254,2.61905,0
4.7619,2.61905,0
4.84127,2.61905,0
4.92063,2.61905,0
5,2.61905,0

0,2.69841,0
0.0793651,2.69841,0
0.15873,2.69841,0
0.238095,2.69841,0
0.31746,2.69841,0
0.396825,2.69841,0
0.47619,2.69841,0
0.555556,2.69841,0
0.634921,2.69841,0
0.714286,2.69841,0
0.793651,2.69841,0
0.873016,2.69841,0
0.952381,2.69841,0
1.03175,2.69841,0
1.11111,2.69841,0
1.19048,2.69841,0
1.26984,2.69841,0
1.34921,2.69841,0
1.42857,2.69841,0
1.50794,2.69841,0
1.5873,2.69841,0
1.66667,2.69841,0
1.74603,2.69841,0
1.8254,2.69841,0
1.90476,2.69841,0
1.98413,2.69841,0
2.06349,2.69841,0
2.14286,2.69841,0
2.22222,2.69841,0
2.30159,2.69841,0
2.38095,2.69841,0
2.46032,2.69841,0
2.53968,2.69841,0
2.61905,2.69841,0
2.69841,2.69841,0
2.77778,2.69841,0
2.85714,2.69841,0
2.93651,2.69841,0
3.01587,2.69841,0
3.09524,2.69841,0
3.1746,2.69841,0
3.25397,2.69841,0
3.33333,2.69841,0
3.4127,2.69841,0
3.49206,2.69841,0
3.57143,2.69841,0
3.65079,2.69841,0
3.73016,2.69841,0
3.80952,2.69841,0
3.88889,2.69841,0
3.96825,2.69841,0
4.04762,2.69841,0
4.12698,2.69841,0
4.20635,2.69841,0
4.28571,2.69841,0
4.36508,2.69841,0
4.44444,2.69841,0
4.52381,2.69841,0
4.60317,2.69841,0
4.68254,2.69841,0
4.7619,2.69841,0
4.84127,2.69841,0
4.92063,2.69841,0
5,2.69841,0

0,2.77778,0
0.0793651,2.77778,0
0.15873,2.77778,0
0.238095,2.77778,0
0.31746,2.77778,0
0.396825,2.77778,0
0.47619,2.77778,0
0.555556,2.77778,0
0.634921,2.77778,0
0.714286,2.77778,0
0.793651,2.77778,0
0.873016,2.77778,0
0.952381,2.77778,0
1.03175,2.77778,0
1.11111,2.77778,0
1.19048,2.77778,0
1.26984,2.77778,0
1.34921,2.77778,0
1.42857,2.77778,0
1.50794,2.77778,0
1.5873,2.77778,0
1.66667,2.77778,0
1.74603,2.77778,0
1.8254,2.77778,0
1.90476,2.77778,0
1.98413,2.77778,0
2.06349,2.77778,0
2.14286,2.77778,0
2.22222,2.77778,0
2.30159,2.77778,0
2.38095,2.77778,0
2.46032,2.77778,0
2.53968,2.77778,0
2.61905,2.77778,0
2.69841,2.77778,0
2.77778,2.77778,0
2.85714,2.77778,0
2.93651,2.77778,0
3.01587,2.77778,0
3.09524,2.77778,0
3.1746,2.77778,0
3.25397,2.77778,0
3.33333,2.77778,0
3.4127,2.77778,0
3.49206,2.77778,0
3.57143,2.77778,0
3.65079,2.77778,0
3.73016,2.77778,0
3.80952,2.77778,0
3.88889,2.77778,0
3.96825,2.77778,0
4.04762,2.77778,0
4.12698,2.77778,0
4.20635,2.77778,0
4.28571,2.77778,0
4.36508,2.77778,0
4.44444,2.77778,0
4.52381,2.77778,0
4.60317,2.77778,0
4.68254,2.77778,0
4.7619,2.77778,0
4.84127,2.77778,0
4.92063,2.77778,0
5,2.77778,0

0,2.85714,0
0.0793651,2.85714,0
0.15873,2.85714,0
0.238095,2.85714,0
0.31746,2.85714,0
0.396825,2.85714,0
0.47619,2.85714,0
0.555556,2.85714,0
0.634921,2.85714,0
0.714286,2.85714,0
0.793651,2.85714,0
0.873016,2.85714,0
0.952381,2.85714,0
1.03175,2.85714,0
1.11111,2.85714,0
1.19048,2.85714,0
1.26984,2.85714,0
1.34921,2.85714,0
1.42857,2.85714,0
1.50794,2.85714,0
1.5873,2.85714,0
1.66667,2.85714,0
1.74603,2.85714,0
1.8254,2.85714,0
1.90476,2.85714,0
1.98413,2.85714,0
2.06349,2.85714,0
2.14286,2.85714,0
2.22222,2.85714,0
2.30159,2.85714,0
2.38095,2.85714,0
2.46032,2.85714,0
2.53968,2.85714,0
2.61905,2.85714,0
2.69841,2.85714,0
2.77778,2.85714,0
2.85714,2.85714,0
2.93651,2.85714,0
3.01587,2.85714,0
3.09524,2.85714,0
3.1746,2.85714,0
3.25397,2.85714,0
3.33333,2.85714,0
3.4127,2.85714,0
3.49206,2.85714,0
3.57143,2.85714,0
3.65079,2.85714,0
3.73016,2.85714,0
3.80952,2.85714,0
3.88889,2.85714,0
3.96825,2.85714,0
4.04762,2.85714,0
4.12698,2.85714,0
4.20635,2.85714,0
4.28571,2.85714,0
4.36508,2.85714,0
4.44444,2.85714,0
4.52381,2.85714,0
4.60317,2.85714,0
4.68254,2.85714,0
4.7619,2.85714,0
4.84127,2.85714,0
4.92063,2.85714,0
5,2.85714,0

0,2.93651,0
0.0793651,2.93651,0
0.15873,2.93651,0
0.238095,2.93651,0
0.31746,2.93651,0
0.396825,2.93651,0
0.47619,2.93651,0
0.555556,2.93651,0
0.634921,2.93651,0
0.714286,2.93651,0
0.793651,2.93651,0
0.873016,2.93651,0
0.952381,2.93651,0
1.03175,2.93651,0
1.11111,2.93651,0
1.19048,2.93651,0
1.26984,2.93651,0
1.34921,2.93651,0
1.42857,2.93651,0
1.50794,2.93651,0
1.5873,2.93651,0
1.66667,2.93651,0
1.74603,2.93651,0
1.8254,2.93651,0
1.90476,2.93651,0
1.98413,2.93651,0
2.06349,2.93651,0
2.14286,2.93651,0
2.22222,2.93651,0
2.30159,2.93651,0
2.38095,2.93651,0
2.46032,2.93651,0
2.53968,2.93651,0
2.61905,2.93651,0
2.69841,2.93651,0
2.77778,2.93651,0
2.85714,2.93651,0
2.93651,2.93651,0
3.01587,2.93651,0
3.09524,2.93651,0
3.1746,2.93651,0
3.25397,2.93651,0
3.33333,2.93651,0
3.4127,2.93651,0
3.49206,2.93651,0
3.57143,2.93651,0
3.65079,2.93651,0
3.73016,2.93651,0
3.80952,2.93651,0
3.88889,2.93651,0
3.96825,2.93651,0
4.04762,2.93651,0
4.12698,2.93651,0
4.20635,2.93651,0
4.28571,2.93651,0
4.36508,2.93651,0
4.44444,2.93651,0
4.52381,2.93651,0
4.60317,2.93651,0
4.68254,2.93651,0
4.7619,2.93651,0
4.84127,2.93651,0
4.92063,2.93651,0
5,2.93651,0

0,3.01587,0
0.0793651,3.01587,0
0.15873,3.01587,0
0.238095,3.01587,0
0.31746,3.01587,0
0.396825,3.01587,0
0.47619,3.01587,0
0.555556,3.01587,0
0.634921,3.01587,0
0.714286,3.01587,0
0.793651,3.01587,0
0.873016,3.01587,0
0.952381,3.01587,0
1.03175,3.01587,0
1.11111,3.01587,0
1.19048,3.01587,0
1.26984,3.01587,0
1.34921,3.01587,0
1.42857,3.01587,0
1.50794,3.01587,0
1.5873,3.01587,0
1.66667,3.01587,0
1.74603,3.01587,0
1.8254,3.01587,0
1.90476,3.01587,0
1.98413,3.01587,0
2.06349,3.01587,0
2.14286,3.01587,0
2.22222,3.01587,0
2.30159,3.01587,0
2.38095,3.01587,0
2.46032,3.01587,0
2.53968,3.01587,0
2.61905,3.01587,0
2.69841,3.01587,0
2.77778,3.01587,0
2.85714,3.01587,0
2.93651,3.01587,0
3.01587,3.01587,0
3.09524,3.01587,0
3.1746,3.01587,0
3.25397,3.01587,0
3.33333,3.01587,0
3.4127,3.01587,0
3.49206,3.01587,0
3.57143,3.01587,0
3.65079,3.01587,0
3.73016,3.01587,0
3.80952,3.01587,0
3.88889,3.01587,0
3.96825,3.01587,0
4.04762,3.01587,0
4.12698,3.01587,0
4.20635,3.01587,0
4.28571,3.01587,0
4.36508,3.01587,0
4.44444,3.01587,0
4.52381,3.01587,0
4.60317,3.01587,0
4.68254,3.01587,0
4.7619,3.01587,0
4.84127,3.01587,0
4.92063,3.01587,0
5,3.01587,0

0,3.09524,0
0.0793651,3.09524,0
0.15873,3.09524,0
0.238095,3.09524,0
0.31746,3.09524,0
0.396825,3.09524,0
0.47619,3.09524,0
0.555556,3.09524,0
0.634921,3.09524,0
0.714286,3.09524,0
0.793651,3.09524,0
0.873016,3.09524,0
0.952381,3.09524,0
1.03175,3.09524,0
1.11111,3.09524,0
1.19048,3.09524,0
1.26984,3.09524,0
1.34921,3.09524,0
1.42857,3.09524,0
1.50794,3.09524,0
1.5873,3.09524,0
1.66667,3.09524,0
1.74603,3.09524,0
1.8254,3.09524,0
1.90476,3.09524,0
1.98413,3.09524,0
2.06349,3.09524,0
2.14286,3.09524,0
2.22222,3.09524,0
2.30159,3.09524,0
2.38095,3.09524,0
2.46032,3.09524,0
2.53968,3.09524,0
2.61905,3.09524,0
2.69841,3.09524,0
2.77778,3.09524,0
2.85714,3.09524,0
2.93651,3.09524,0
3.01587,3.09524,0
3.09524,3.09524,0
3.1746,3.09524,0
3.25397,3.09524,0
3.33333,3.09524,0
3.4127,3.09524,0
3.49206,3.09524,0
3.57143,3.09524,0
3.65079,3.09524,0
3.73016,3.09524,0
3.80952,3.09524,0
3.88889,3.09524,0
3.96825,3.09524,0
4.04762,3.09524,0
4.12698,3.09524,0
4.20635,3.09524,0
4.28571,3.09524,0
4.36508,3.09524,0
4.44444,3.09524,0
4.52381,3.09524,0
4.60317,3.09524,0
4.68254,3.09524,0
4.7619,3.09524,0
4.84127,3.09524,0
4.92063,3.09524,0
5,3.09524,0

0,3.1746,0
0.0793651,3.1746,0
0.15873,3.1746,0
0.238095,3.1746,0
0.31746,3.1746,0
0.396825,3.1746,0
0.47619,3.1746,0
0.555556,3.1746,0
0.634921,3.1746,0
0.714286,3.1746,0
0.793651,3.1746,0
0.873016,3.1746,0
0.952381,3.1746,0
1.03175,3.1746,0
1.11111,3.1746,0
1.19048,3.1746,0
1.26984,3.1746,0
1.34921,3.1746,0
1.42857,3.1746,0
1.50794,3.1746,0
1.5873,3.1746,0
1.66667,3.1746,0
1.74603,3.1746,0
1.8254,3.1746,0
1.90476,3.1746,0
1.98413,3.1746,0
2.06349,3.1746,0
2.14286,3.1746,0
2.22222,3.1746,0
2.30159,3.1746,0
2.38095,3.1746,0
2.46032,3.1746,0
2.53968,3.1746,0
2.61905,3.1746,0
2.69841,3.1746,0
2.77778,3.1746,0
2.85714,3.1746,0
2.93651,3.1746,0
3.01587,3.1746,0
3.09524,3.1746,0
3.1746,3.1746,0
3.25397,3.1746,0
3.33333,3.1746,0
3.4127,3.1746,0
3.49206,3.1746,0
3.57143,3.1746,0
3.65079,3.1746,0
3.73016,3.1746,0
3.80952,3.1746,0
3.88889,3.1746,0
3.96825,3.1746,0
4.04762,3.1746,0
4.12698,3.1746,0
4.20635,3.1746,0
4.28571,3.1746,0
4.36508,3.1746,0
4.44444,3.1746,0
4.52381,3.1746,0
4.60317,3.1746,0
4.68254,3.1746,0
4.7619,3.1746,0
4.84127,3.1746,0
4.92063,3.1746,0
5,3.1746,0

0,3.25397,0
0.0793651,3.25397,0
0.15873,3.25397,0
0.238095,3.25397,0
0.31746,3.25397,0
0.396825,3.25397,0
0.47619,3.25397,0
0.555556,3.25397,0
0.634921,3.25397,0
0.714286,3.25397,0
0.793651,3.25397,0
0.873016,3.25397,0
0.952381,3.25397,0
1.03175,3.25397,0
1.11111,3.25397,0
1.19048,3.25397,0
1.26984,3.25397,0
1.34921,3.25397,0
1.42857,3.25397,0
1.50794,3.25397,0
1.5873,3.25397,0
1.66667,3.25397,0
1.74603,3.25397,0
1.8254,3.25397,0
1.90476,3.25397,0
1.98413,3.25397,0
2.06349,3.25397,0
2.14286,3.25397,0
2.22222,3.25397,0
2.30159,3.25397,0
2.38095,3.25397,0
2.46032,3.25397,0
2.53968,3.25397,0
2.61905,3.25397,0
2.69841,3.25397,0
2.77778,3.25397,0
2.85714,3.25397,0
2.93651,3.25397,0
3.01587,3.25397,0
3.09524,3.25397,0
3.1746,3.25397,0
3.25397,3.25397,0
3.33333,3.25397,0
3.4127,3.25397,0
3.49206,3.25397,0
3.57143,3.25397,0
3.65079,3.25397,0
3.73016,3.25397,0
3.80952,3.25397,0
3.88889,3.25397,0
3.96825,3.25397,0
4.04762,3.25397,0
4.12698,3.25397,0
4.20635,3.25397,0
4.28571,3.25397,0
4.36508,3.25397,0
4.44444,3.25397,0
4.52381,3.25397,0
4.60317,3.25397,0
4.68254,3.25397,0
4.7619,3.25397,0
4.84127,3.25397,0
4.92063,3.25397,0
5,3.25397,0

0,3.33333,0
0.0793651,3.33333,0
0.15873,3.33333,0
0.238095,3.33333,0
0.31746,3.33333,0
0.396825,3.33333,0
0.47619,3.33333,0
0.555556,3.33333,0
0.634921,3.33333,0
0.714286,3.33333,0
0.793651,3.33333,0
0.873016,3.33333,0
0.952381,3.33333,0
1.03175,3.33333,0
1.11111,3.33333,0
1.19048,3.33333,0
1.26984,3.33333,0
1.34921,3.33333,0
1.42857,3.33333,0
1.50794,3.33333,0
1.5873,3.33333,0
1.66667,3.33333,0
1.74603,3.33333,0
1.8254,3.33333,0
1.90476,3.33333,0
1.98413,3.33333,0
2.06349,3.33333,0
2.14286,3.33333,0
2.22222,3.33333,0
2.30159,3.33333,0
2.38095,3.33333,0
2.46032,3.33333,0
2.53968,3.33333,0
2.61905,3.33333,0
2.69841,3.33333,0
2.77778,3.33333,0
2.85714,3.33333,0
2.93651,3.33333,0
3.01587,3.33333,0
3.09524,3.33333,0
3.1746,3.33333,0
3.25397,3.33333,0
3.33333,3.33333,0
3.4127,3.33333,0
3.49206,3.33333,0
3.57143,3.33333,0
3.65079,3.33333,0
3.73016,3.33333,0
3.80952,3.33333,0
3.88889,3.33333,0
3.96825,3.33333,0
4.04762,3.33333,0
4.12698,3.33333,0
4.20635,3.33333,0
4.28571,3.33333,0
4.36508,3.33333,0
4.44444,3.33333,0
4.52381,3.33333,0
4.60317,3.33333,0
4.68254,3.33333,0
4.7619,3.33333,0
4.84127,3.33333,0
4.92063,3.33333,0
5,3.33333,0

0,3.4127,0
0.0793651,3.4127,0
0.15873,3.4127,0
0.238095,3.4127,0
0.31746,3.4127,0
0.396825,3.4127,0
0.47619,3.4127,0
0.555556,3.4127,0
0.634921,3.4127,0
0.714286,3.4127,0
0.793651,3.4127,0
0.873016,3.4127,0
0.952381,3.4127,0
1.03175,3.4127,0
1.11111,3.4127,0
1.19048,3.4127,0
1.26984,3.4127,0
1.34921,3.4127,0
1.42857,3.4127,0
1.50794,3.4127,0
1.5873,3.4127,0
1.66667,3.4127,0
1.74603,3.4127,0
1.8254,3.4127,0
1.90476,3.4127,0
1.98413,3.4127,0
2.06349,3.4127,0
2.14286,3.4127,0
2.22222,3.4127,0
2.30159,3.4127,0
2.38095,3.4127,0
2.46032,3.4127,0
2.53968,3.4127,0
2.61905,3.4127,0
2.69841,3.4127,0
2.77778,3.4127,0
2.85714,3.4127,0
2.93651,3.4127,0
3.01587,3.4127,0
3.09524,3.4127,0
3.1746,3.4127,0
3.25397,3.4127,0
3.33333,3.4127,0
3.4127,3.4127,0
3.49206,3.4127,0
3.57143,3.4127,0
3.65079,3.4127,0
3.73016,3.4127,0
3.80952,3.4127,0
3.88889,3.4127,0
3.96825,3.4127,0
4.04762,3.4127,0
4.12698,3.4127,0
4.20635,3.4127,0
4.28571,3.4127,0
4.36508,3.4127,0
4.44444,3.4127,0
4.52381,3.4127,0
4.60317,3.4127,0
4.68254,3.4127,0
4.7619,3.4127,0
4.84127,3.4127,0
4.92063,3.4127,0
5,3.4127,0

0,3.49206,0
0.0793651,3.49206,0
0.15873,3.49206,0
0.238095,3.49206,0
0.31746,3.49206,0
0.396825,3.49206,0
0.47619,3.49206,0
0.555556,3.49206,0
0.634921,3.49206,0
0.714286,3.49206,0
0.793651,3.49206,0
0.873016,3.49206,0
0.952381,3.49206,0
1.03175,3.49206,0
1.11111,3.49206,0
1.19048,3.49206,0
1.26984,3.49206,0
1.34921,3.49206,0
1.42857,3.49206,0
1.50794,3.49206,0
1.5873,3.49206,0
1.66667,3.49206,0
1.74603,3.49206,0
1.8254,3.49206,0
1.90476,3.49206,0
1.98413,3.49206,0
2.06349,3.49206,0
2.14286,3.49206,0
2.22222,3.49206,0
2.30159,3.49206,0
2.38095,3.49206,0
2.46032,3.49206,0
2.53968,3.49206,0
2.61905,3.49206,0
2.69841,3.49206,0
2.77778,3.49206,0
2.85714,3.49206,0
2.93651,3.49206,0
3.01587,3.49206,0
3.09524,3.49206,0
3.1746,3.49206,0
3.25397,3.49206,0
3.33333,3.49206,0
3.4127,3.49206,0
3.49206,3.49206,0
3.57143,3.49206,0
3.65079,3.49206,0
3.73016,3.49206,0
3.80952,3.49206,0
3.88889,3.49206,0
3.96825,3.49206,0
4.04762,3.49206,0
4.12698,3.49206,0
4.20635,3.49206,0
4.28571,3.49206,0
4.36508,3.49206,0
4.44444,3.49206,0
4.52381,3.49206,0
4.60317,3.49206,0
4.68254,3.49206,0
4.7619,3.49206,0
4.84127,3.49206,0
4.92063,3.49206,0
5,3.49206,0

0,3.57143,0
0.0793651,3.57143,0
0.15873,3.57143,0
0.238095,3.57143,0
0.31746,3.57143,0
0.396825,3.57143,0
0.47619,3.57143,0
0.555556,3.57143,0
0.634921,3.57143,0
0.714286,3.57143,0
0.793651,3.57143,0
0.873016,3.57143,0
0.952381,3.57143,0
1.03175,3.57143,0
1.11111,3.57143,0
1.19048,3.57143,0
1.26984,3.57143,0
1.34921,3.57143,0
1.42857,3.57143,0
1.50794,3.57143,0
1.5873,3.57143,0
1.66667,3.57143,0
1.74603,3.57143,0
1.8254,3.57143,0
1.90476,3.57143,0
1.98413,3.57143,0
2.06349,3.57143,0
2.14286,3.57143,0
2.22222,3.57143,0
2.30159,3.57143,0
2.38095,3.57143,0
2.46032,3.57143,0
2.53968,3.57143,0
2.61905,3.57143,0
2.69841,3.57143,0
2.77778,3.57143,0
2.85714,3.57143,0
2.93651,3.57143,0
3.01587,3.57143,0
3.09524,3.57143,0
3.1746,3.57143,0
3.25397,3.57143,0
3.33333,3.57143,0
3.4127,3.57143,0
3.49206,3.57143,0
3.57143,3.57143,0
3.65079,3.57143,0
3.73016,3.57143,0
3.80952,3.57143,0
3.88889,3.57143,0
3.96825,3.57143,0
4.04762,3.57143,0
4.12698,3.57143,0
4.20635,3.57143,0
4.28571,3.57143,0
4.36508,3.57143,0
4.44444,3.57143,0
4.52381,3.57143,0
4.60317,3.57143,0
4.68254,3.57143,0
4.7619,3.57143,0
4.84127,3.57143,0
4.92063,3.57143,0
5,3.57143,0

0,3.65079,0
0.0793651,3.65079,0
0.15873,3.65079,0
0.238095,3.65079,0
0.31746,3.65079,0
0.396825,3.65079,0
0.47619,3.65079,0
0.555556,3.65079,0
0.634921,3.65079,0
0.714286,3.65079,0
0.793651,3.65079,0
0.873016,3.65079,0
0.952381,3.65079,0
1.03175,3.65079,0
1.11111,3.65079,0
1.19048,3.65079,0
1.26984,3.65079,0
1.34921,3.65079,0
1.42857,3.65079,0
1.50794,3.65079,0
1.5873,3.65079,0
1.66667,3.65079,0
1.74603,3.65079,0
1.8254,3.65079,0
1.90476,3.65079,0
1.98413,3.65079,0
2.06349,3.65079,0
2.14286,3.65079,0
2.22222,3.65079,0
2.30159,3.65079,0
2.38095,3.65079,0
2.46032,3.65079,0
2.53968,3.65079,0
2.61905,3.65079,0
2.69841,3.65079,0
2.77778,3.65079,0
2.85714,3.65079,0
2.93651,3.65079,0
3.01587,3.65079,0
3.09524,3.65079,0
3.1746,3.65079,0
3.25397,3.65079,0
3.33333,3.65079,0
3.4127,3.65079,0
3.49206,3.65079,0
3.57143,3.65079,0
3.65079,3.65079,0
3.73016,3.65079,0
3.80952,3.65079,0
3.88889,3.65079,0
3.96825,3.65079,0
4.04762,3.65079,0
4.12698,3.65079,0
4.20635,3.65079,0
4.28571,3.65079,0
4.36508,3.65079,0
4.44444,3.65079,0
4.52381,3.65079,0
4.60317,3.65079,0
4.68254,3.65079,0
4.7619,3.65079,0
4.84127,3.65079,0
4.92063,3.65079,0
5,3.65079,0

0,3.73016,0
0.0793651,3.73016,0
0.15873,3.73016,0
0.238095,3.73016,0
0.31746,3.73016,0
0.396825,3.73016,0
0.47619,3.73016,0
0.555556,3.73016,0
0.634921,3.73016,0
0.714286,3.73016,0
0.793651,3.73016,0
0.873016,3.73016,0
0.952381,3.73016,0
1.03175,3.73016,0
1.11111,3.73016,0
1.19048,3.73016,0
1.26984,3.73016,0
1.34921,3.73016,0
1.42857,3.73016,0
1.50794,3.73016,0
1.5873,3.73016,0
1.66667,3.73016,0
1.74603,3.73016,0
1.8254,3.73016,0
1.90476,3.73016,0
1.98413,3.73016,0
2.06349,3.73016,0
2.14286,3.73016,0
2.22222,3.73016,0
2.30159,3.73016,0
2.38095,3.73016,0
2.46032,3.73016,0
2.53968,3.73016,0
2.61905,3.73016,0
2.69841,3.73016,0
2.77778,3.73016,0
2.85714,3.73016,0
2.93651,3.73016,0
3.01587,3.73016,0
3.09524,3.73016,0
3.1746,3.73016,0
3.25397,3.73016,0
3.33333,3.73016,0
3.4127,3.73016,0
3.49206,3.73016,0
3.57143,3.73016,0
3.65079,3.73016,0
3.73016,3.73016,0
3.80952,3.73016,0
3.88889,3.73016,0
3.96825,3.73016,0
4.04762,3.73016,0
4.12698,3.73016,0
4.20635,3.73016,0
4.28571,3.73016,0
4.36508,3.73016,0
4.44444,3.73016,0
4.52381,3.73016,0
4.60317,3.73016,0
4.68254,3.73016,0
4.7619,3.73016,0
4.84127,3.73016,0
4.92063,3.73016,0
5,3.73016,0

0,3.80952,0
0.0793651,3.80952,0
0.15873,3.80952,0
0.238095,3.80952,0
0.31746,3.80952,0
0.396825,3.80952,0
0.47619,3.80952,0
0.555556,3.80952,0
0.634921,3.80952,0
0.714286,3.80952,0
0.793651,3.80952,0
0.873016,3.80952,0
0.952381,3.80952,0
1.03175,3.80952,0
1.11111,3.80952,0
1.19048,3.80952,0
1.26984,3.80952,0
1.34921,3.80952,0
1.42857,3.80952,0
1.50794,3.80952,0
1.5873,3.80952,0
1.66667,3.80952,0
1.74603,3.80952,0
1.8254,3.80952,0
1.90476,3.80952,0
1.98413,3.80952,0
2.06349,3.80952,0
2.14286,3.80952,0
2.22222,3.80952,0
2.30159,3.80952,0
2.38095,3.80952,0
2.46032,3.80952,0
2.53968,3.80952,0
2.61905,3.80952,0
2.69841,3.80952,0
2.77778,3.80952,0
2.85714,3.80952,0
2.93651,3.80952,0
3.01587,3.80952,0
3.09524,3.80952,0
3.1746,3.80952,0
3.25397,3.80952,0
3.33333,3.80952,0
3.4127,3.80952,0
3.49206,3.80952,0
3.57143,3.80952,0
3.65079,3.80952,0
3.73016,3.80952,0
3.80952,3.80952,0
3.88889,3.80952,0
3.96825,3.80952,0
4.04762,3.80952,0
4.12698,3.80952,0
4.20635,3.80952,0
4.28571,3.80952,0
4.36508,3.80952,0
4.44444,3.80952,0
4.52381,3.80952,0
4.60317,3.80952,0
4.68254,3.80952,0
4.7619,3.80952,0
4.84127,3.80952,0
4.92063,3.80952,0
5,3.80952,0

0,3.88889,0
0.0793651,3.88889,0
0.15873,3.88889,0
0.238095,3.88889,0
0.31746,3.88889,0
0.396825,3.88889,0
0.47619,3.88889,0
0.555556,3.88889,0
0.634921,3.88889,0
0.714286,3.88889,0
0.793651,3.88889,0
0.873016,3.88889,0
0.952381,3.88889,0
1.03175,3.88889,0
1.11111,3.88889,0
1.19048,3.88889,0
1.26984,3.88889,0
1.34921,3.88889,0
1.42857,3.88889,0
1.50794,3.88889,0
1.5873,3.88889,0
1.66667,3.88889,0
1.74603,3.88889,0
1.8254,3.88889,0
1.90476,3.88889,0
1.98413,3.88889,0
2.06349,3.88889,0
2.14286,3.88889,0
2.22222,3.88889,0
2.30159,3.88889,0
2.38095,3.88889,0
2.46032,3.88889,0
2.53968,3.88889,0
2.61905,3.88889,0
2.69841,3.88889,0
2.77778,3.88889,0
2.85714,3.88889,0
2.93651,3.88889,0
3.01587,3.88889,0
3.09524,3.88889,0
3.1746,3.88889,0
3.25397,3.88889,0
3.33333,3.88889,0
3.4127,3.88889,0
3.49206,3.88889,0
3.57143,3.88889,0
3.65079,3.88889,0
3.73016,3.88889,0
3.80952,3.88889,0
3.88889,3.88889,0
3.96825,3.88889,0
4.04762,3.88889,0
4.12698,3.88889,0
4.20635,3.88889,0
4.28571,3.88889,0
4.36508,3.88889,0
4.44444,3.88889,0
4.52381,3.88889,0
4.60317,3.88889,0
4.68254,3.88889,0
4.7619,3.88889,0
4.84127,3.88889,0
4.92063,3.88889,0
5,3.88889,0

0,3.96825,0
0.0793651,3.96825,0
0.15873,3.96825,0
0.238095,3.96825,0
0.31746,3.96825,0
0.396825,3.96825,0
0.47619,3.96825,0
0.555556,3.96825,0
0.634921,3.96825,0
0.714286,3.96825,0
0.793651,3.96825,0
0.873016,3.96825,0
0.952381,3.96825,0
1.03175,3.96825,0
1.11111,3.96825,0
1.19048,3.96825,0
1.26984,3.96825,0
1.34921,3.96825,0
1.42857,3.96825,0
1.50794,3.96825,0
1.5873,3.96825,0
1.66667,3.96825,0
1.74603,3.96825,0
1.8254,3.96825,0
1.90476,3.96825,0
1.98413,3.96825,0
2.06349,3.96825,0
2.14286,3.96825,0
2.22222,3.96825,0
2.30159,3.96825,0
2.38095,3.96825,0
2.46032,3.96825,0
2.53968,3.96825,0
2.61905,3.96825,0
2.69841,3.96825,0
2.77778,3.96825,0
2.85714,3.96825,0
2.93651,3.96825,0
3.01587,3.96825,0
3.09524,3.96825,0
3.1746,3.96825,0
3.25397,3.96825,0
3.33333,3.96825,0
3.4127,3.96825,0
3.49206,3.96825,0
3.57143,3.96825,0
3.65079,3.96825,0
3.73016,3.96825,0
3.80952,3.96825,0
3.88889,3.96825,0
3.96825,3.96825,0
4.04762,3.96825,0
4.12698,3.96825,0
4.20635,3.96825,0
4.28571,3.96825,0
4.36508,3.96825,0
4.44444,3.96825,0
4.52381,3.96825,0
4.60317,3.96825,0
4.68254,3.96825,0
4.7619,3.96825,0
4.84127,3.96825,0
4.92063,3.96825,0
5,3.96825,0

0,4.04762,0
0.0793651,4.04762,0
0.15873,4.04762,0
0.238095,4.04762,0
0.31746,4.04762,0
0.396825,4.04762,0
0.47619,4.04762,0
0.555556,4.04762,0
0.634921,4.04762,0
0.714286,4.04762,0
0.793651,4.04762,0
0.873016,4.04762,0
0.952381,4.04762,0
1.03175,4.04762,0
1.11111,4.04762,0
1.19048,4.04762,0
1.26984,4.04762,0
1.34921,4.04762,0
1.42857,4.04762,0
1.50794,4.04762,0
1.5873,4.04762,0
1.66667,4.04762,0
1.74603,4.04762,0
1.8254,4.04762,0
1.90476,4.04762,0
1.98413,4.04762,0
2.06349,4.04762,0
2.14286,4.04762,0
2.22222,4.04762,0
2.30159,4.04762,0
2.38095,4.04762,0
2.46032,4.04762,0
2.53968,4.04762,0
2.61905,4.04762,0
2.69841,4.04762,0
2.77778,4.04762,0
2.85714,4.04762,0
2.93651,4.04762,0
3.01587,4.04762,0
3.09524,4.04762,0
3.1746,4.04762,0
3.25397,4.04762,0
3.33333,4.04762,0
3.4127,4.04762,0
3.49206,4.04762,0
3.57143,4.04762,0
3.65079,4.04762,0
3.73016,4.04762,0
3.80952,4.04762,0
3.88889,4.04762,0
3.96825,4.04762,0
4.04762,4.04762,0
4.12698,4.04762,0
4.20635,4.04762,0
4.28571,4.04762,0
4.36508,4.04762,0
4.44444,4.04762,0
4.52381,4.04762,0
4.60317,4.04762,0
4.68254,4.04762,0
4.7619,4.04762,0
4.84127,4.04762,0
4.92063,4.04762,0
5,4.04762,0

0,4.12698,0
0.0793651,4.12698,0
0.15873,4.12698,0
0.238095,4.12698,0
0.31746,4.12698,0
0.396825,4.12698,0
0.47619,4.12698,0
0.555556,4.12698,0
0.634921,4.12698,0
0.714286,4.12698,0
0.793651,4.12698,0
0.873016,4.12698,0
0.952381,4.12698,0
1.03175,4.12698,0
1.11111,4.12698,0
1.19048,4.12698,0
1.26984,4.12698,0
1.34921,4.12698,0
1.42857,4.12698,0
1.50794,4.12698,0
1.5873,4.12698,0
1.66667,4.12698,0
1.74603,4.12698,0
1.8254,4.12698,0
1.90476,4.12698,0
1.98413,4.12698,0
2.06349,4.12698,0
2.14286,4.12698,0
2.22222,4.12698,0
2.30159,4.12698,0
2.38095,4.12698,0
2.46032,4.12698,0
2.53968,4.12698,0
2.61905,4.12698,0
2.69841,4.12698,0
2.77778,4.12698,0
2.85714,4.12698,0
2.93651,4.12698,0
3.01587,4.12698,0
3.09524,4.12698,0
3.1746,4.12698,0
3.25397,4.12698,0
3.33333,4.12698,0
3.4127,4.12698,0
3.49206,4.12698,0
3.57143,4.12698,0
3.65079,4.12698,0
3.73016,4.12698,0
3.80952,4.12698,0
3.88889,4.12698,0
3.96825,4.12698,0
4.04762,4.12698,0
4.12698,4.12698,0
4.20635,4.12698,0
4.28571,4.12698,0
4.36508,4.12698,0
4.44444,4.12698,0
4.52381,4.12698,0
4.60317,4.12698,0
4.68254,4.12698,0
4.7619,4.12698,0
4.84127,4.12698,0
4.92063,4.12698,0
5,4.12698,0

0,4.20635,0
0.0793651,4.20635,0
0.15873,4.20635,0
0.238095,4.20635,0
0.31746,4.20635,0
0.396825,4.20635,0
0.47619,4.20635,0
0.555556,4.20635,0
0.634921,4.20635,0
0.714286,4.20635,0
0.793651,4.20635,0
0.873016,4.20635,0
0.952381,4.20635,0
1.03175,4.20635,0
1.11111,4.20635,0
1.19048,4.20635,0
1.26984,4.20635,0
1.34921,4.20635,0
1.42857,4.20635,0
1.50794,4.20635,0
1.5873,4.20635,0
1.66667,4.20635,0
1.74603,4.20635,0
1.8254,4.20635,0
1.90476,4.20635,0
1.98413,4.20635,0
2.06349,4.20635,0
2.14286,4.20635,0
2.22222,4.20635,0
2.30159,4.20635,0
2.38095,4.20635,0
2.46032,4.20635,0
2.53968,4.20635,0
2.61905,4.20635,0
2.69841,4.20635,0
2.77778,4.20635,0
2.85714,4.20635,0
2.93651,4.20635,0
3.01587,4.20635,0
3.09524,4.20635,0
3.1746,4.20635,0
3.25397,4.20635,0
3.33333,4.20635,0
3.4127,4.20635,0
3.49206,4.20635,0
3.57143,4.20635,0
3.65079,4.20635,0
3.73016,4.20635,0
3.80952,4.20635,0
3.88889,4.20635,0
3.96825,4.20635,0
4.04762,4.20635,0
4.12698,4.20635,0
4.20635,4.20635,0
4.28571,4.20635,0
4.36508,4.20635,0
4.44444,4.20635,0
4.52381,4.20635,0
4.60317,4.20635,0
4.68254,4.20635,0
4.7619,4.20635,0
4.84127,4.20635,0
4.92063,4.20635,0
5,4.20635,0

0,4.28571,0
0.0793651,4.28571,0
0.15873,4.28571,0
0.238095,4.28571,0
0.31746,4.28571,0
0.396825,4.28571,0
0.47619,4.28571,0
0.555556,4.28571,0
0.634921,4.28571,0
0.714286,4.28571,0
0.793651,4.28571,0
0.873016,4.28571,0
0.952381,4.28571,0
1.03175,4.28571,0
1.11111,4.28571,0
1.19048,4.28571,0
1.26984,4.28571,0
1.34921,4.28571,0
1.42857,4.28571,0
1.50794,4.28571,0
1.5873,4.28571,0
1.66667,4.28571,0
1.74603,4.28571,0
1.8254,4.28571,0
1.90476,4.28571,0
1.98413,4.28571,0
2.06349,4.28571,0
2.14286,4.28571,0
2.22222,4.28571,0
2.30159,4.28571,0
2.38095,4.28571,0
2.46032,4.28571,0
2.53968,4.28571,0
2.61905,4.28571,0
2.69841,4.28571,0
2.77778,4.28571,0
2.85714,4.28571,0
2.93651,4.28571,0
3.01587,4.28571,0
3.09524,4.28571,0
3.1746,4.28571,0
3.25397,4.28571,0
3.33333,4.28571,0
3.4127,4.28571,0
3.49206,4.28571,0
3.57143,4.28571,0
3.65079,4.28571,0
3.73016,4.28571,0
3.80952,4.28571,0
3.88889,4.28571,0
3.96825,4.28571,0
4.04762,4.28571,0
4.12698,4.28571,0
4.20635,4.28571,0
4.28571,4.28571,0
4.36508,4.28571,0
4.44444,4.28571,0
4.52381,4.28571,0
4.60317,4.28571,0
4.68254,4.28571,0
4.7619,4.28571,0
4.84127,4.28571,0
4.92063,4.28571,0
5,4.28571,0

0,4.36508,0
0.0793651,4.36508,0
0.15873,4.36508,0
0.238095,4.36508,0
0.31746,4.36508,0
0.396825,4.36508,0
0.47619,4.36508,0
0.555556,4.36508,0
0.634921,4.36508,0
0.714286,4.36508,0
0.793651,4.36508,0
0.873016,4.36508,0
0.952381,4.36508,0
1.03175,4.36508,0
1.11111,4.36508,0
1.19048,4.36508,0
1.26984,4.36508,0
1.34921,4.36508,0
1.42857,4.36508,0
1.50794,4.36508,0
1.5873,4.36508,0
1.66667,4.36508,0
1.74603,4.36508,0
1.8254,4.36508,0
1.90476,4.36508,0
1.98413,4.36508,0
2.06349,4.36508,0
2.14286,4.36508,0
2.22222,4.36508,0
2.30159,4.36508,0
2.38095,4.36508,0
2.46032,4.36508,0
2.53968,4.36508,0
2.61905,4.36508,0
2.69841,4.36508,0
2.77778,4.36508,0
2.85714,4.36508,0
2.93651,4.36508,0
3.01587,4.36508,0
3.09524,4.36508,0
3.1746,4.36508,0
3.25397,4.36508,0
3.33333,4.36508,0
3.4127,4.36508,0
3.49206,4.36508,0
3.57143,4.36508,0
3.65079,4.36508,0
3.73016,4.36508,0
3.80952,4.36508,0
3.88889,4.36508,0
3.96825,4.36508,0
4.04762,4.36508,0
4.12698,4.36508,0
4.20635,4.36508,0
4.28571,4.36508,0
4.36508,4.36508,0
4.44444,4.36508,0
4.52381,4.36508,0
4.60317,4.36508,0
4.68254,4.36508,0
4.7619,4.36508,0
4.84127,4.36508,0
4.92063,4.36508,0
5,4.36508,0

0,4.44444,0
0.0793651,4.44444,0
0.15873,4.44444,0
0.238095,4.44444,0
0.31746,4.44444,0
0.396825,4.44444,0
0.47619,4.44444,0
0.555556,4.44444,0
0.634921,4.44444,0
0.714286,4.44444,0
0.793651,4.44444,0
0.873016,4.44444,0
0.952381,4.44444,0
1.03175,4.44444,0
1.11111,4.44444,0
1.19048,4.44444,0
1.26984,4.44444,0
1.34921,4.44444,0
1.42857,4.44444,0
1.50794,4.44444,0
1.5873,4.44444,0
1.66667,4.44444,0
1.74603,4.44444,0
1.8254,4.44444,0
1.90476,4.44444,0
1.98413,4.44444,0
2.06349,4.44444,0
2.14286,4.44444,0
2.22222,4.44444,0
2.30159,4.44444,0
2.38095,4.44444,0
2.46032,4.44444,0
2.53968,4.44444,0
2.61905,4.44444,0
2.69841,4.44444,0
2.77778,4.44444,0
2.85714,4.44444,0
2.93651,4.44444,0
3.01587,4.44444,0
3.09524,4.44444,0
3.1746,4.44444,0
3.25397,4.44444,0
3.33333,4.44444,0
3.4127,4.44444,0
3.49206,4.44444,0
3.57143,4.44444,0
3.65079,4.44444,0
3.73016,4.44444,0
3.80952,4.44444,0
3.88889,4.44444,0
3.96825,4.44444,0
4.04762,4.44444,0
4.12698,4.44444,0
4.20635,4.44444,0
4.28571,4.44444,0
4.36508,4.44444,0
4.44444,4.44444,0
4.52381,4.44444,0
4.60317,4.44444,0
4.68254,4.44444,0
4.7619,4.44444,0
4.84127,4.44444,0
4.92063,4.44444,0
5,4.44444,0

0,4.52381,0
0.0793651,4.52381,0
0.15873,4.52381,0
0.238095,4.52381,0
0.31746,4.52381,0
0.396825,4.52381,0
0.47619,4.52381,0
0.555556,4.52381,0
0.634921,4.52381,0
0.714286,4.52381,0
0.793651,4.52381,0
0.873016,4.52381,0
0.952381,4.52381,0
1.03175,4.52381,0
1.11111,4.52381,0
1.19048,4.52381,0
1.26984,4.52381,0
1.34921,4.52381,0
1.42857,4.52381,0
1.50794,4.52381,0
1.5873,4.52381,0
1.66667,4.52381,0
1.74603,4.52381,0
1.8254,4.52381,0
1.90476,4.52381,0
1.98413,4.52381,0
2.06349,4.52381,0
2.14286,4.52381,0
2.22222,4.52381,0
2.30159,4.52381,0
2.38095,4.52381,0
2.46032,4.52381,0
2.53968,4.52381,0
2.61905,4.52381,0
2.69841,4.52381,0
2.77778,4.52381,0
2.85714,4.52381,0
2.93651,4.52381,0
3.01587,4.52381,0
3.09524,4.52381,0
3.1746,4.52381,0
3.25397,4.52381,0
3.33333,4.52381,0
3.4127,4.52381,0
3.49206,4.52381,0
3.57143,4.52381,0
3.65079,4.52381,0
3.73016,4.52381,0
3.80952,4.52381,0
3.88889,4.52381,0
3.96825,4.52381,0
4.04762,4.52381,0
4.12698,4.52381,0
4.20635,4.52381,0
4.28571,4.52381,0
4.36508,4.52381,0
4.44444,4.52381,0
4.52381,4.52381,0
4.60317,4.52381,0
4.68254,4.52381,0
4.7619,4.52381,0
4.84127,4.52381,0
4.92063,4.52381,0
5,4.52381,0

0,4.60317,0
0.0793651,4.60317,0
0.15873,4.60317,0
0.238095,4.60317,0
0.31746,4.60317,0
0.396825,4.60317,0
0.47619,4.60317,0
0.555556,4.60317,0
0.634921,4.60317,0
0.714286,4.60317,0
0.793651,4.60317,0
0.873016,4.60317,0
0.952381,4.60317,0
1.03175,4.60317,0
1.11111,4.60317,0
1.19048,4.60317,0
1.26984,4.60317,0
1.34921,4.60317,0
1.42857,4.60317,0
1.50794,4.60317,0
1.5873,4.60317,0
1.66667,4.60317,0
1.74603,4.60317,0
1.8254,4.60317,0
1.90476,4.60317,0
1.98413,4.60317,0
2.06349,4.60317,0
2.14286,4.60317,0
2.22222,4.60317,0
2.30159,4.60317,0
2.38095,4.60317,0
2.46032,4.60317,0
2.53968,4.60317,0
2.61905,4.60317,0
2.69841,4.60317,0
2.77778,4.60317,0
2.85714,4.60317,0
2.93651,4.60317,0
3.01587,4.60317,0
3.09524,4.60317,0
3.1746,4.60317,0
3.25397,4.60317,0
3.33333,4.60317,0
3.4127,4.60317,0
3.49206,4.60317,0
3.57143,4.60317,0
3.65079,4.60317,0
3.73016,4.60317,0
3.80952,4.60317,0
3.88889,4.60317,0
3.96825,4.60317,0
4.04762,4.60317,0
4.12698,4.60317,0
4.20635,4.60317,0
4.28571,4.60317,0
4.36508,4.60317,0
4.44444,4.60317,0
4.52381,4.60317,0
4.60317,4.60317,0
4.68254,4.60317,0
4.7619,4.60317,0
4.84127,4.60317,0
4.92063,4.60317,0
5,4.60317,0

0,4.68254,0
0.0793651,4.68254,0
0.15873,4.68254,0
0.238095,4.68254,0
0.31746,4.68254,0
0.396825,4.68254,0
0.47619,4.68254,0
0.555556,4.68254,0
0.634921,4.68254,0
0.714286,4.68254,0
0.793651,4.68254,0
0.873016,4.68254,0
0.952381,4.68254,0
1.03175,4.68254,0
1.11111,4.68254,0
1.19048,4.68254,0
1.26984,4.68254,0
1.34921,4.68254,0
1.42857,4.68254,0
1.50794,4.68254,0
1.5873,4.68254,0
1.66667,4.68254,0
1.74603,4.68254,0
1.8254,4.68254,0
1.90476,4.68254,0
1.98413,4.68254,0
2.06349,4.68254,0
2.14286,4.68254,0
2.22222,4.68254,0
2.30159,4.68254,0
2.38095,4.68254,0
2.46032,4.68254,0
2.53968,4.68254,0
2.61905,4.68254,0
2.69841,4.68254,0
2.77778,4.68254,0
2.85714,4.68254,0
2.93651,4.68254,0
3.01587,4.68254,0
3.09524,4.68254,0
3.1746,4.68254,0
3.25397,4.68254,0
3.33333,4.68254,0
3.4127,4.68254,0
3.49206,4.68254,0
3.57143,4.68254,0
3.65079,4.68254,0
3.73016,4.68254,0
3.80952,4.68254,0
3.88889,4.68254,0
3.96825,4.68254,0
4.04762,4.68254,0
4.12698,4.68254,0
4.20635,4.68254,0
4.28571,4.68254,0
4.36508,4.68254,0
4.44444,4.68254,0
4.52381,4.68254,0
4.60317,4.68254,0
4.68254,4.68254,0
4.7619,4.68254,0
4.84127,4.68254,0
4.92063,4.68254,0
5,4.68254,0

0,4.7619,0
0.0793651,4.7619,0
0.15873,4.7619,0
0.238095,4.7619,0
0.31746,4.7619,0
0.396825,4.7619,0
0.47619,4.7619,0
0.555556,4.7619,0
0.634921,4.7619,0
0.714286,4.7619,0
0.793651,4.7619,0
0.873016,4.7619,0
0.952381,4.7619,0
1.03175,4.7619,0
1.11111,4.7619,0
1.19048,4.7619,0
1.26984,4.7619,0
1.34921,4.7619,0
1.42857,4.7619,0
1.50794,4.7619,0
1.5873,4.7619,0
1.66667,4.7619,0
1.74603,4.7619,0
1.8254,4.7619,0
1.90476,4.7619,0
1.98413,4.7619,0
2.06349,4.7619,0
2.14286,4.7619,0
2.22222,4.7619,0
2.30159,4.7619,0
2.38095,4.7619,0
2.46032,4.7619,0
2.53968,4.7619,0
2.61905,4.7619,0
2.69841,4.7619,0
2.77778,4.7619,0
2.85714,4.7619,0
2.93651,4.7619,0
3.01587,4.7619,0
3.09524,4.7619,0
3.1746,4.7619,0
3.25397,4.7619,0
3.33333,4.7619,0
3.4127,4.7619,0
3.49206,4.7619,0
3.57143,4.7619,0
3.65079,4.7619,0
3.73016,4.7619,0
3.80952,4.7619,0
3.88889,4.7619,0
3.96825,4.7619,0
4.04762,4.7619,0
4.12698,4.7619,0
4.20635,4.7619,0
4.28571,4.7619,0
4.36508,4.7619,0
4.44444,4.7619,0
4.52381,4.7619,0
4.60317,4.7619,0
4.68254,4.7619,0
4.7619,4.7619,0
4.84127,4.7619,0
4.92063,4.7619,0
5,4.7619,0

0,4.84127,0
0.0793651,4.84127,0
0.15873,4.84127,0
0.238095,4.84127,0
0.31746,4.84127,0
0.396825,4.84127,0
0.47619,4.84127,0
0.555556,4.84127,0
0.634921,4.84127,0
0.714286,4.84127,0
0.793651,4.84127,0
0.873016,4.84127,0
0.952381,4.84127,0
1.03175,4.84127,0
1.11111,4.84127,0
1.19048,4.84127,0
1.26984,4.84127,0
1.34921,4.84127,0
1.42857,4.84127,0
1.50794,4.84127,0
1.5873,4.84127,0
1.66667,4.84127,0
1.74603,4.84127,0
1.8254,4.84127,0
1.90476,4.84127,0
1.98413,4.84127,0
2.06349,4.84127,0
2.14286,4.84127,0
2.22222,4.84127,0
2.30159,4.84127,0
2.38095,4.84127,0
2.46032,4.84127,0
2.53968,4.84127,0
2.61905,4.84127,0
2.69841,4.84127,0
2.77778,4.84127,0
2.85714,4.84127,0
2.93651,4.84127,0
3.01587,4.84127,0
3.09524,4.84127,0
3.1746,4.84127,0
3.25397,4.84127,0
3.33333,4.84127,0
3.4127,4.84127,0
3.49206,4.84127,0
3.57143,4.84127,0
3.65079,4.84127,0
3.73016,4.84127,0
3.80952,4.84127,0
3.88889,4.84127,0
3.96825,4.84127,0
4.04762,4.84127,0
4.12698,4.84127,0
4.20635,4.84127,0
4.28571,4.84127,0
4.36508,4.84127,0
4.44444,4.84127,0
4.52381,4.84127,0
4.60317,4.84127,0
4.68254,4.84127,0
4.7619,4.84127,0
4.84127,4.84127,0
4.92063,4.84127,0
5,4.84127,0

0,4.92063,0
0.0793651,4.92063,0
0.15873,4.92063,0
0.238095,4.92063,0
0.31746,4.92063,0
0.396825,4.92063,0
0.47619,4.92063,0
0.555556,4.92063,0
0.634921,4.92063,0
0.714286,4.92063,0
0.793651,4.92063,0
0.873016,4.92063,0
0.952381,4.92063,0
1.03175,4.92063,0
1.11111,4.92063,0
1.19048,4.92063,0
1.26984,4.92063,0
1.34921,4.92063,0
1.42857,4.92063,0
1.50794,4.92063,0
1.5873,4.92063,0
1.66667,4.92063,0
1.74603,4.92063,0
1.8254,4.92063,0
1.90476,4.92063,0
1.98413,4.92063,0
2.06349,4.92063,0
2.14286,4.92063,0
2.22222,4.92063,0
2.30159,4.92063,0
2.38095,4.92063,0
2.46032,4.92063,0
2.53968,4.92063,0
2.61905,4.92063,0
2.69841,4.92063,0
2.77778,4.92063,0
2.85714,4.92063,0
2.93651,4.92063,0
3.01587,4.92063,0
3.09524,4.92063,0
3.1746,4.92063,0
3.25397,4.92063,0
3.33333,4.92063,0
3.4127,4.92063,0
3.49206,4.92063,0
3.57143,4.92063,0
3.65079,4.92063,0
3.73016,4.92063,0
3.80952,4.92063,0
3.88889,4.92063,0
3.96825,4.92063,0
4.04762,4.92063,0
4.12698,4.92063,0
4.20635,4.92063,0
4.28571,4.92063,0
4.36508,4.92063,0
4.44444,4.92063,0
4.52381,4.92063,0
4.60317,4.92063,0
4.68254,4.92063,0
4.7619,4.92063,0
4.84127,4.92063,0
4.92063,4.92063,0
5,4.92063,0

0,5,0
0.0793651,5,0
0.15873,5,0
0.238095,5,0
0.31746,5,0
0.396825,5,0
0.47619,5,0
0.555556,5,0
0.634921,5,0
0.714286,5,0
0.793651,5,0
0.873016,5,0
0.952381,5,0
1.03175,5,0
1.11111,5,0
1.19048,5,0
1.26984,5,0
1.34921,5,0
1.42857,5,0
1.50794,5,0
1.5873,5,0
1.66667,5,0
1.74603,5,0
1.8254,5,0
1.90476,5,0
1.98413,5,0
2.06349,5,0
2.14286,5,0
2.22222,5,0
2.30159,5,0
2.38095,5,0
2.46032,5,0
2.53968,5,0
2.61905,5,0
2.69841,5,0
2.77778,5,0
2.85714,5,0
2.93651,5,0
3.01587,5,0
3.09524,5,0
3.1746,5,0
3.25397,5,0
3.33333,5,0
3.4127,5,0
3.49206,5,0
3.57143,5,0
3.65079,5,0
3.73016,5,0
3.80952,5,0
3.88889,5,0
3.96825,5,0
4.04762,5,0
4.12698,5,0
4.20635,5,0
4.28571,5,0
4.36508,5,0
4.44444,5,0
4.52381,5,0
4.60317,5,0
4.68254,5,0
4.7619,5,0
4.84127,5,0
4.92063,5,0
5,5,0

